,rate_electron,rate_HII,rate_HeII,rate_HeIII,rate_HI,rate_HeI,rate_oH2,rate_pH2
0,3.776e-07,1.146e-13,0.0,0.0,0.0,0.0,0.0,0.0
1,3.668e-07,1.214e-13,0.0,0.0,0.0,0.0,0.0,0.0
2,3.564e-07,1.286e-13,0.0,0.0,0.0,0.0,0.0,0.0
3,3.463e-07,1.362e-13,0.0,0.0,0.0,0.0,0.0,0.0
4,3.364e-07,1.443e-13,0.0,0.0,0.0,0.0,0.0,0.0
5,3.269e-07,1.528e-13,0.0,0.0,0.0,0.0,0.0,0.0
6,3.176e-07,1.619e-13,0.0,0.0,0.0,0.0,0.0,0.0
7,3.085e-07,1.715e-13,0.0,0.0,0.0,0.0,0.0,0.0
8,2.998e-07,1.816e-13,0.0,0.0,0.0,0.0,0.0,0.0
9,2.912e-07,1.924e-13,0.0,0.0,0.0,0.0,0.0,0.0
10,2.83e-07,2.038e-13,0.0,0.0,0.0,0.0,0.0,0.0
11,2.749e-07,2.159e-13,0.0,0.0,0.0,0.0,0.0,0.0
12,2.671e-07,2.287e-13,0.0,0.0,0.0,0.0,0.0,0.0
13,2.595e-07,2.422e-13,0.0,0.0,0.0,0.0,0.0,0.0
14,2.521e-07,2.566e-13,0.0,0.0,0.0,0.0,0.0,0.0
15,2.449e-07,2.717e-13,0.0,0.0,0.0,0.0,0.0,0.0
16,2.379e-07,2.878e-13,0.0,0.0,0.0,0.0,0.0,0.0
17,2.312e-07,3.049e-13,0.0,0.0,0.0,0.0,0.0,0.0
18,2.246e-07,3.23e-13,0.0,0.0,0.0,0.0,0.0,0.0
19,2.182e-07,3.421e-13,0.0,0.0,0.0,0.0,0.0,0.0
20,2.12e-07,3.623e-13,0.0,0.0,0.0,0.0,0.0,0.0
21,2.059e-07,3.838e-13,0.0,0.0,0.0,0.0,0.0,0.0
22,2e-07,4.065e-13,0.0,0.0,0.0,0.0,0.0,0.0
23,1.943e-07,4.306e-13,0.0,0.0,0.0,0.0,0.0,0.0
24,1.888e-07,4.561e-13,0.0,0.0,0.0,0.0,0.0,0.0
25,1.834e-07,4.831e-13,0.0,0.0,0.0,0.0,0.0,0.0
26,1.782e-07,5.117e-13,0.0,0.0,0.0,0.0,0.0,0.0
27,1.731e-07,5.42e-13,0.0,0.0,0.0,0.0,0.0,0.0
28,1.681e-07,5.741e-13,0.0,0.0,0.0,0.0,0.0,0.0
29,1.633e-07,6.081e-13,0.0,0.0,0.0,0.0,0.0,0.0
30,1.587e-07,6.442e-13,0.0,0.0,0.0,0.0,0.0,0.0
31,1.541e-07,6.823e-13,0.0,0.0,0.0,0.0,0.0,0.0
32,1.497e-07,7.227e-13,0.0,0.0,0.0,0.0,0.0,0.0
33,1.454e-07,7.655e-13,0.0,0.0,0.0,0.0,0.0,0.0
34,1.412e-07,8.108e-13,0.0,0.0,0.0,0.0,0.0,0.0
35,1.372e-07,8.588e-13,0.0,0.0,0.0,0.0,0.0,0.0
36,1.333e-07,9.096e-13,0.0,0.0,0.0,0.0,0.0,0.0
37,1.294e-07,9.635e-13,0.0,0.0,0.0,0.0,0.0,0.0
38,1.257e-07,1.02e-12,0.0,0.0,0.0,0.0,0.0,0.0
39,1.221e-07,1.081e-12,0.0,0.0,0.0,0.0,0.0,0.0
40,1.186e-07,1.145e-12,0.0,0.0,0.0,0.0,0.0,0.0
41,1.152e-07,1.213e-12,0.0,0.0,0.0,0.0,0.0,0.0
42,1.118e-07,1.284e-12,0.0,0.0,0.0,0.0,0.0,0.0
43,1.086e-07,1.36e-12,0.0,0.0,0.0,0.0,0.0,0.0
44,1.055e-07,1.441e-12,0.0,0.0,0.0,0.0,0.0,0.0
45,1.024e-07,1.526e-12,0.0,0.0,0.0,0.0,0.0,0.0
46,9.947e-08,1.616e-12,0.0,0.0,0.0,0.0,0.0,0.0
47,9.658e-08,1.712e-12,0.0,0.0,0.0,0.0,0.0,0.0
48,9.378e-08,1.813e-12,0.0,0.0,0.0,0.0,0.0,0.0
49,9.106e-08,1.92e-12,0.0,0.0,0.0,0.0,0.0,0.0
50,8.841e-08,2.034e-12,0.0,0.0,0.0,0.0,0.0,0.0
51,8.583e-08,2.154e-12,0.0,0.0,0.0,0.0,0.0,0.0
52,8.333e-08,2.281e-12,0.0,0.0,0.0,0.0,0.0,0.0
53,8.089e-08,2.416e-12,0.0,0.0,0.0,0.0,0.0,0.0
54,7.852e-08,2.559e-12,0.0,0.0,0.0,0.0,0.0,0.0
55,7.622e-08,2.71e-12,0.0,0.0,0.0,0.0,0.0,0.0
56,7.398e-08,2.87e-12,0.0,0.0,0.0,0.0,0.0,0.0
57,7.181e-08,3.04e-12,0.0,0.0,0.0,0.0,0.0,0.0
58,6.969e-08,3.219e-12,0.0,0.0,0.0,0.0,0.0,0.0
59,6.763e-08,3.409e-12,0.0,0.0,0.0,0.0,0.0,0.0
60,6.563e-08,3.61e-12,0.0,0.0,0.0,0.0,0.0,0.0
61,6.368e-08,3.823e-12,0.0,0.0,0.0,0.0,0.0,0.0
62,6.178e-08,4.049e-12,0.0,0.0,0.0,0.0,0.0,0.0
63,5.994e-08,4.288e-12,0.0,0.0,0.0,0.0,0.0,0.0
64,5.814e-08,4.54e-12,0.0,0.0,0.0,0.0,0.0,0.0
65,5.64e-08,4.808e-12,0.0,0.0,0.0,0.0,0.0,0.0
66,5.47e-08,5.091e-12,0.0,0.0,0.0,0.0,0.0,0.0
67,5.305e-08,5.391e-12,0.0,0.0,0.0,0.0,0.0,0.0
68,5.144e-08,5.709e-12,0.0,0.0,0.0,0.0,0.0,0.0
69,4.988e-08,6.045e-12,0.0,0.0,0.0,0.0,0.0,0.0
70,4.836e-08,6.4e-12,0.0,0.0,0.0,0.0,0.0,0.0
71,4.688e-08,6.776e-12,0.0,0.0,0.0,0.0,0.0,0.0
72,4.543e-08,7.175e-12,0.0,0.0,0.0,0.0,0.0,0.0
73,4.403e-08,7.596e-12,0.0,0.0,0.0,0.0,0.0,0.0
74,4.267e-08,8.042e-12,0.0,0.0,0.0,0.0,0.0,0.0
75,4.134e-08,8.514e-12,0.0,0.0,0.0,0.0,0.0,0.0
76,4.004e-08,9.014e-12,0.0,0.0,0.0,0.0,0.0,0.0
77,3.879e-08,9.542e-12,0.0,0.0,0.0,0.0,0.0,0.0
78,3.756e-08,1.01e-11,0.0,0.0,0.0,0.0,0.0,0.0
79,3.637e-08,1.069e-11,0.0,0.0,0.0,0.0,0.0,0.0
80,3.521e-08,1.132e-11,0.0,0.0,0.0,0.0,0.0,0.0
81,3.408e-08,1.198e-11,0.0,0.0,0.0,0.0,0.0,0.0
82,3.298e-08,1.268e-11,0.0,0.0,0.0,0.0,0.0,0.0
83,3.19e-08,1.342e-11,0.0,0.0,0.0,0.0,0.0,0.0
84,3.086e-08,1.42e-11,0.0,0.0,0.0,0.0,0.0,0.0
85,2.985e-08,1.503e-11,0.0,0.0,0.0,0.0,0.0,0.0
86,2.886e-08,1.59e-11,0.0,0.0,0.0,0.0,0.0,0.0
87,2.79e-08,1.683e-11,0.0,0.0,0.0,0.0,0.0,0.0
88,2.696e-08,1.781e-11,0.0,0.0,0.0,0.0,0.0,0.0
89,2.605e-08,1.884e-11,0.0,0.0,0.0,0.0,0.0,0.0
90,2.516e-08,1.993e-11,0.0,0.0,0.0,0.0,0.0,0.0
91,2.43e-08,2.108e-11,0.0,0.0,0.0,0.0,0.0,0.0
92,2.346e-08,2.23e-11,0.0,0.0,0.0,0.0,0.0,0.0
93,2.265e-08,2.359e-11,0.0,0.0,0.0,0.0,0.0,0.0
94,2.185e-08,2.495e-11,0.0,0.0,0.0,0.0,0.0,0.0
95,2.108e-08,2.638e-11,0.0,0.0,0.0,0.0,0.0,0.0
96,2.033e-08,2.79e-11,0.0,0.0,0.0,0.0,0.0,0.0
97,1.96e-08,2.95e-11,0.0,0.0,0.0,0.0,0.0,0.0
98,1.9e-08,3.118e-11,0.0,0.0,0.0,0.0,0.0,0.0
99,1.852e-08,3.296e-11,0.0,0.0,0.0,0.0,0.0,0.0
100,1.805e-08,3.484e-11,0.0,0.0,0.0,0.0,0.0,0.0
101,1.76e-08,3.682e-11,0.0,0.0,0.0,0.0,0.0,0.0
102,1.716e-08,3.891e-11,0.0,0.0,0.0,0.0,0.0,0.0
103,1.673e-08,4.111e-11,0.0,0.0,0.0,0.0,0.0,0.0
104,1.631e-08,4.342e-11,0.0,0.0,0.0,0.0,0.0,0.0
105,1.591e-08,4.586e-11,0.0,0.0,0.0,0.0,0.0,0.0
106,1.551e-08,4.844e-11,0.0,0.0,0.0,0.0,0.0,0.0
107,1.513e-08,5.114e-11,0.0,0.0,0.0,0.0,0.0,0.0
108,1.475e-08,5.399e-11,0.0,0.0,0.0,0.0,0.0,0.0
109,1.439e-08,5.699e-11,0.0,0.0,0.0,0.0,0.0,0.0
110,1.404e-08,6.014e-11,0.0,0.0,0.0,0.0,0.0,0.0
111,1.369e-08,6.345e-11,0.0,0.0,0.0,0.0,0.0,0.0
112,1.335e-08,6.692e-11,0.0,0.0,0.0,0.0,0.0,0.0
113,1.303e-08,7.058e-11,0.0,0.0,0.0,0.0,0.0,0.0
114,1.27e-08,7.441e-11,0.0,0.0,0.0,0.0,0.0,0.0
115,1.239e-08,7.844e-11,0.0,0.0,0.0,0.0,0.0,0.0
116,1.209e-08,8.265e-11,0.0,0.0,0.0,0.0,0.0,0.0
117,1.179e-08,8.708e-11,0.0,0.0,0.0,0.0,0.0,0.0
118,1.15e-08,9.171e-11,0.0,0.0,0.0,0.0,0.0,0.0
119,1.122e-08,9.656e-11,0.0,0.0,0.0,0.0,0.0,0.0
120,1.094e-08,1.016e-10,0.0,0.0,0.0,0.0,0.0,0.0
121,1.067e-08,1.069e-10,0.0,0.0,0.0,0.0,0.0,0.0
122,1.041e-08,1.15e-10,0.0,0.0,0.0,0.0,0.0,0.0
123,1.015e-08,1.519e-10,0.0,0.0,0.0,0.0,0.0,0.0
124,9.895e-09,1.904e-10,0.0,0.0,0.0,0.0,0.0,0.0
125,9.649e-09,2.305e-10,0.0,0.0,0.0,0.0,0.0,0.0
126,9.408e-09,2.723e-10,0.0,0.0,0.0,0.0,0.0,0.0
127,9.173e-09,3.158e-10,0.0,0.0,0.0,0.0,0.0,0.0
128,8.942e-09,3.611e-10,0.0,0.0,0.0,0.0,0.0,0.0
129,8.717e-09,4.081e-10,0.0,0.0,0.0,0.0,0.0,0.0
130,8.497e-09,4.569e-10,0.0,0.0,0.0,0.0,0.0,0.0
131,8.282e-09,5.074e-10,0.0,0.0,0.0,0.0,0.0,0.0
132,8.072e-09,5.598e-10,0.0,0.0,0.0,0.0,0.0,0.0
133,7.866e-09,6.14e-10,0.0,0.0,0.0,0.0,0.0,0.0
134,7.665e-09,6.701e-10,0.0,0.0,0.0,0.0,0.0,0.0
135,7.469e-09,7.279e-10,0.0,0.0,0.0,0.0,0.0,0.0
136,7.291e-09,7.876e-10,0.0,0.0,0.0,0.0,0.0,0.0
137,7.145e-09,8.551e-10,0.0,0.0,0.0,0.0,0.0,0.0
138,6.999e-09,9.352e-10,0.0,0.0,0.0,0.0,0.0,0.0
139,6.854e-09,1.018e-09,0.0,0.0,0.0,0.0,0.0,0.0
140,6.71e-09,1.102e-09,0.0,0.0,0.0,0.0,0.0,0.0
141,6.567e-09,1.189e-09,0.0,0.0,0.0,0.0,0.0,0.0
142,6.425e-09,1.277e-09,0.0,0.0,0.0,0.0,0.0,0.0
143,6.284e-09,1.368e-09,0.0,0.0,0.0,0.0,0.0,0.0
144,6.145e-09,1.46e-09,0.0,0.0,0.0,0.0,0.0,0.0
145,6.007e-09,1.554e-09,0.0,0.0,0.0,0.0,0.0,0.0
146,5.871e-09,1.65e-09,0.0,0.0,0.0,0.0,0.0,0.0
147,5.736e-09,1.746e-09,0.0,0.0,0.0,0.0,0.0,0.0
148,5.603e-09,1.838e-09,0.0,0.0,0.0,0.0,0.0,0.0
149,5.472e-09,1.931e-09,0.0,0.0,0.0,0.0,0.0,0.0
150,5.342e-09,2.025e-09,0.0,0.0,0.0,0.0,0.0,0.0
151,5.215e-09,2.12e-09,0.0,0.0,0.0,0.0,0.0,0.0
152,5.089e-09,2.216e-09,0.0,0.0,0.0,0.0,0.0,0.0
153,4.966e-09,2.312e-09,0.0,0.0,0.0,0.0,0.0,0.0
154,4.844e-09,2.409e-09,0.0,0.0,0.0,0.0,0.0,0.0
155,4.725e-09,2.506e-09,0.0,0.0,0.0,0.0,0.0,0.0
156,4.607e-09,2.599e-09,0.0,0.0,0.0,0.0,0.0,0.0
157,4.492e-09,2.68e-09,0.0,0.0,0.0,0.0,0.0,0.0
158,4.379e-09,2.761e-09,0.0,0.0,0.0,0.0,0.0,0.0
159,4.268e-09,2.842e-09,0.0,0.0,0.0,0.0,0.0,0.0
