,rate_electron,rate_HII,rate_HeII,rate_HeIII,rate_HI,rate_HeI,rate_oH2,rate_pH2
0,5.812e-07,0.0,0.0,0.0,6.07e-10,0.0,5.35e-10,4.5e-10
1,5.676e-07,0.0,0.0,0.0,6.07e-10,0.0,5.35e-10,4.5e-10
2,5.544e-07,0.0,0.0,0.0,6.07e-10,0.0,5.35e-10,4.5e-10
3,5.416e-07,0.0,0.0,0.0,6.07e-10,0.0,5.35e-10,4.5e-10
4,5.294e-07,0.0,0.0,0.0,6.07e-10,0.0,5.35e-10,4.5e-10
5,5.175e-07,0.0,0.0,0.0,6.07e-10,0.0,5.35e-10,4.5e-10
6,5.061e-07,0.0,0.0,0.0,6.07e-10,0.0,5.35e-10,4.5e-10
7,4.951e-07,0.0,0.0,0.0,6.07e-10,0.0,5.35e-10,4.5e-10
8,4.845e-07,0.0,0.0,0.0,6.07e-10,0.0,5.35e-10,4.5e-10
9,4.743e-07,0.0,0.0,0.0,6.07e-10,0.0,5.35e-10,4.5e-10
10,4.645e-07,0.0,0.0,0.0,6.07e-10,0.0,5.35e-10,4.5e-10
11,4.551e-07,0.0,0.0,0.0,6.07e-10,0.0,5.35e-10,4.5e-10
12,4.461e-07,0.0,0.0,0.0,6.07e-10,0.0,5.35e-10,4.5e-10
13,4.374e-07,0.0,0.0,0.0,6.105e-10,0.0,5.351e-10,4.503e-10
14,4.291e-07,0.0,0.0,0.0,6.144e-10,0.0,5.352e-10,4.507e-10
15,4.212e-07,0.0,0.0,0.0,6.185e-10,0.0,5.354e-10,4.511e-10
16,4.134e-07,0.0,0.0,0.0,6.229e-10,0.0,5.355e-10,4.515e-10
17,4.039e-07,0.0,0.0,0.0,6.275e-10,0.0,5.357e-10,4.52e-10
18,3.948e-07,0.0,0.0,0.0,6.324e-10,0.0,5.358e-10,4.525e-10
19,3.859e-07,0.0,0.0,0.0,6.375e-10,0.0,5.36e-10,4.53e-10
20,3.774e-07,0.0,0.0,0.0,6.43e-10,0.0,5.362e-10,4.535e-10
21,3.692e-07,0.0,0.0,0.0,6.488e-10,0.0,5.363e-10,4.54e-10
22,3.613e-07,0.0,0.0,0.0,6.55e-10,0.0,5.365e-10,4.546e-10
23,3.538e-07,0.0,0.0,0.0,6.615e-10,0.0,5.368e-10,4.553e-10
24,3.465e-07,0.0,0.0,0.0,6.684e-10,0.0,5.37e-10,4.559e-10
25,3.395e-07,0.0,0.0,0.0,6.732e-10,0.0,5.373e-10,4.568e-10
26,3.327e-07,0.0,0.0,0.0,6.781e-10,0.0,5.377e-10,4.576e-10
27,3.263e-07,0.0,0.0,0.0,6.833e-10,0.0,5.381e-10,4.586e-10
28,3.2e-07,0.0,0.0,0.0,6.887e-10,0.0,5.385e-10,4.595e-10
29,3.131e-07,0.0,0.0,0.0,6.945e-10,0.0,5.39e-10,4.606e-10
30,3.064e-07,0.0,0.0,0.0,7.007e-10,0.0,5.394e-10,4.617e-10
31,2.999e-07,0.0,0.0,0.0,7.072e-10,0.0,5.399e-10,4.628e-10
32,2.937e-07,0.0,0.0,0.0,7.125e-10,0.0,5.403e-10,4.639e-10
33,2.877e-07,0.0,0.0,0.0,7.179e-10,0.0,5.407e-10,4.651e-10
34,2.82e-07,0.0,0.0,0.0,7.237e-10,0.0,5.411e-10,4.662e-10
35,2.765e-07,0.0,0.0,0.0,7.297e-10,0.0,5.415e-10,4.675e-10
36,2.704e-07,0.0,0.0,0.0,7.362e-10,0.0,5.419e-10,4.688e-10
37,2.645e-07,0.0,0.0,0.0,7.418e-10,0.0,5.424e-10,4.704e-10
38,2.588e-07,0.0,0.0,0.0,7.475e-10,0.0,5.429e-10,4.722e-10
39,2.533e-07,0.0,0.0,0.0,7.536e-10,0.0,5.434e-10,4.74e-10
40,2.481e-07,0.0,0.0,0.0,7.6e-10,0.0,5.44e-10,4.76e-10
41,2.423e-07,0.0,0.0,0.0,7.659e-10,0.0,5.446e-10,4.781e-10
42,2.367e-07,0.0,0.0,0.0,7.722e-10,0.0,5.452e-10,4.803e-10
43,2.313e-07,0.0,0.0,0.0,7.789e-10,0.0,5.459e-10,4.826e-10
44,2.261e-07,0.0,0.0,0.0,7.85e-10,0.0,5.466e-10,4.848e-10
45,2.211e-07,0.0,0.0,0.0,7.913e-10,0.0,5.473e-10,4.87e-10
46,2.162e-07,0.0,0.0,0.0,7.979e-10,0.0,5.482e-10,4.894e-10
47,2.116e-07,0.0,0.0,0.0,8.042e-10,0.0,5.494e-10,4.924e-10
48,2.071e-07,0.0,0.0,0.0,8.109e-10,0.0,5.508e-10,4.955e-10
49,2.028e-07,0.0,0.0,0.0,8.171e-10,0.0,5.518e-10,4.984e-10
50,1.986e-07,0.0,0.0,0.0,8.236e-10,0.0,5.528e-10,5.013e-10
51,1.947e-07,0.0,0.0,0.0,8.3e-10,0.0,5.538e-10,5.049e-10
52,1.908e-07,0.0,0.0,0.0,8.367e-10,0.0,5.55e-10,5.088e-10
53,1.872e-07,0.0,0.0,0.0,8.426e-10,0.0,5.562e-10,5.127e-10
54,1.837e-07,0.0,0.0,0.0,8.487e-10,0.0,5.576e-10,5.169e-10
55,1.803e-07,0.0,0.0,0.0,8.552e-10,0.0,5.591e-10,5.213e-10
56,1.77e-07,0.0,0.0,0.0,8.621e-10,0.0,5.606e-10,5.259e-10
57,1.729e-07,0.0,0.0,0.0,8.694e-10,0.0,5.623e-10,5.308e-10
58,1.69e-07,0.0,0.0,0.0,8.771e-10,0.0,5.64e-10,5.36e-10
59,1.652e-07,0.0,0.0,0.0,8.853e-10,0.0,5.658e-10,5.415e-10
60,1.616e-07,0.0,0.0,0.0,8.92e-10,0.0,5.678e-10,5.474e-10
61,1.58e-07,0.0,0.0,0.0,8.989e-10,0.0,5.698e-10,5.535e-10
62,1.546e-07,0.0,0.0,0.0,9.063e-10,0.0,5.72e-10,5.601e-10
63,1.514e-07,0.0,0.0,0.0,9.141e-10,0.0,5.743e-10,5.67e-10
64,1.482e-07,0.0,0.0,0.0,9.223e-10,0.0,5.768e-10,5.744e-10
65,1.452e-07,0.0,0.0,0.0,9.289e-10,0.0,5.794e-10,5.822e-10
66,1.423e-07,0.0,0.0,0.0,9.356e-10,0.0,5.821e-10,5.904e-10
67,1.396e-07,0.0,0.0,0.0,9.428e-10,0.0,5.85e-10,5.991e-10
68,1.369e-07,0.0,0.0,0.0,9.503e-10,0.0,5.881e-10,6.084e-10
69,1.338e-07,0.0,0.0,0.0,9.583e-10,0.0,5.914e-10,6.182e-10
70,1.308e-07,0.0,0.0,0.0,9.668e-10,0.0,5.949e-10,6.286e-10
71,1.279e-07,0.0,0.0,0.0,9.758e-10,0.0,5.985e-10,6.396e-10
72,1.251e-07,0.0,0.0,0.0,9.837e-10,0.0,6.024e-10,6.512e-10
73,1.224e-07,0.0,0.0,0.0,9.917e-10,0.0,6.065e-10,6.636e-10
74,1.199e-07,0.0,0.0,0.0,1e-09,0.0,6.109e-10,6.766e-10
75,1.174e-07,0.0,0.0,0.0,1.009e-09,0.0,6.155e-10,6.905e-10
76,1.149e-07,0.0,0.0,0.0,1.019e-09,0.0,6.204e-10,7.051e-10
77,1.124e-07,0.0,0.0,0.0,1.026e-09,0.0,6.256e-10,7.207e-10
78,1.101e-07,0.0,0.0,0.0,1.034e-09,0.0,6.31e-10,7.371e-10
79,1.079e-07,0.0,0.0,0.0,1.042e-09,0.0,6.368e-10,7.545e-10
80,1.057e-07,0.0,0.0,0.0,1.05e-09,0.0,6.43e-10,7.73e-10
81,1.029e-07,0.0,0.0,0.0,1.057e-09,0.0,6.495e-10,7.926e-10
82,1.001e-07,0.0,0.0,0.0,1.065e-09,0.0,6.564e-10,8.133e-10
83,9.735e-08,0.0,0.0,0.0,1.073e-09,0.0,6.637e-10,8.352e-10
84,9.471e-08,0.0,0.0,0.0,1.081e-09,0.0,6.715e-10,8.584e-10
85,9.216e-08,0.0,0.0,0.0,1.09e-09,0.0,6.797e-10,8.831e-10
86,8.968e-08,0.0,0.0,0.0,1.1e-09,0.0,6.884e-10,9.091e-10
87,8.728e-08,0.0,0.0,0.0,1.11e-09,0.0,6.976e-10,9.368e-10
88,8.494e-08,0.0,0.0,0.0,1.118e-09,0.0,7.073e-10,9.655e-10
89,8.268e-08,0.0,0.0,0.0,1.128e-09,0.0,7.177e-10,9.959e-10
90,8.049e-08,0.0,0.0,0.0,1.138e-09,0.0,7.286e-10,1.028e-09
91,7.836e-08,0.0,0.0,0.0,1.148e-09,0.0,7.402e-10,1.062e-09
92,7.63e-08,0.0,0.0,0.0,1.16e-09,0.0,7.525e-10,1.098e-09
93,7.436e-08,0.0,0.0,0.0,1.16e-09,0.0,7.53e-10,1.1e-09
94,7.247e-08,0.0,0.0,0.0,1.16e-09,0.0,7.53e-10,1.1e-09
95,7.065e-08,0.0,0.0,0.0,1.16e-09,0.0,7.53e-10,1.1e-09
96,6.889e-08,0.0,0.0,0.0,1.16e-09,0.0,7.53e-10,1.1e-09
97,6.718e-08,0.0,0.0,0.0,1.16e-09,0.0,7.53e-10,1.1e-09
98,6.553e-08,0.0,0.0,0.0,1.16e-09,0.0,7.53e-10,1.1e-09
99,6.394e-08,0.0,0.0,0.0,1.16e-09,0.0,7.53e-10,1.1e-09
100,6.252e-08,0.0,0.0,0.0,1.16e-09,0.0,7.53e-10,1.1e-09
101,6.117e-08,0.0,0.0,0.0,1.16e-09,0.0,7.53e-10,1.1e-09
102,5.986e-08,0.0,0.0,0.0,1.16e-09,0.0,7.53e-10,1.1e-09
103,5.861e-08,0.0,0.0,0.0,1.16e-09,0.0,7.53e-10,1.1e-09
104,5.74e-08,0.0,0.0,0.0,1.16e-09,0.0,7.53e-10,1.1e-09
105,5.624e-08,0.0,0.0,0.0,1.16e-09,0.0,7.53e-10,1.1e-09
106,5.513e-08,0.0,0.0,0.0,1.16e-09,0.0,7.53e-10,1.1e-09
107,5.407e-08,0.0,0.0,0.0,1.16e-09,0.0,7.53e-10,1.1e-09
108,5.304e-08,0.0,0.0,0.0,1.16e-09,0.0,7.53e-10,1.1e-09
109,5.205e-08,0.0,0.0,0.0,1.16e-09,0.0,7.53e-10,1.1e-09
110,5.11e-08,0.0,0.0,0.0,1.16e-09,0.0,7.53e-10,1.1e-09
111,5.019e-08,0.0,0.0,0.0,1.16e-09,0.0,7.53e-10,1.1e-09
112,4.932e-08,0.0,0.0,0.0,1.16e-09,0.0,7.53e-10,1.1e-09
113,4.849e-08,0.0,0.0,0.0,1.16e-09,0.0,7.53e-10,1.1e-09
114,4.77e-08,0.0,0.0,0.0,1.16e-09,0.0,7.53e-10,1.1e-09
115,4.696e-08,0.0,0.0,0.0,1.16e-09,0.0,7.53e-10,1.1e-09
116,4.625e-08,0.0,0.0,0.0,1.16e-09,0.0,7.53e-10,1.1e-09
117,4.558e-08,0.0,0.0,0.0,1.16e-09,0.0,7.53e-10,1.1e-09
118,4.495e-08,0.0,0.0,0.0,1.16e-09,0.0,7.53e-10,1.1e-09
119,4.435e-08,0.0,0.0,0.0,1.16e-09,0.0,7.53e-10,1.1e-09
120,4.379e-08,0.0,0.0,0.0,1.16e-09,0.0,7.53e-10,1.1e-09
121,4.276e-08,0.0,0.0,0.0,1.16e-09,0.0,7.53e-10,1.1e-09
122,4.177e-08,0.0,0.0,0.0,1.16e-09,0.0,7.53e-10,1.1e-09
123,4.08e-08,0.0,0.0,0.0,1.16e-09,0.0,7.53e-10,1.1e-09
124,3.988e-08,0.0,0.0,0.0,1.16e-09,0.0,7.53e-10,1.1e-09
125,3.898e-08,0.0,0.0,0.0,1.16e-09,0.0,7.53e-10,1.1e-09
126,3.812e-08,0.0,0.0,0.0,1.16e-09,0.0,7.53e-10,1.1e-09
127,3.729e-08,0.0,0.0,0.0,1.16e-09,0.0,7.53e-10,1.1e-09
128,3.649e-08,0.0,0.0,0.0,1.16e-09,0.0,7.53e-10,1.1e-09
129,3.572e-08,0.0,0.0,0.0,1.16e-09,0.0,7.53e-10,1.1e-09
130,3.498e-08,0.0,0.0,0.0,1.16e-09,0.0,7.53e-10,1.1e-09
131,3.427e-08,0.0,0.0,0.0,1.16e-09,0.0,7.53e-10,1.1e-09
132,3.359e-08,0.0,0.0,0.0,1.16e-09,0.0,7.53e-10,1.1e-09
133,3.263e-08,0.0,0.0,0.0,1.16e-09,0.0,7.53e-10,1.1e-09
134,3.169e-08,0.0,0.0,0.0,1.16e-09,0.0,7.53e-10,1.1e-09
135,3.077e-08,0.0,0.0,0.0,1.16e-09,0.0,7.53e-10,1.1e-09
136,2.988e-08,0.0,0.0,0.0,1.16e-09,0.0,7.53e-10,1.1e-09
137,2.901e-08,0.0,0.0,0.0,1.16e-09,0.0,7.53e-10,1.1e-09
138,2.817e-08,0.0,0.0,0.0,1.16e-09,0.0,7.53e-10,1.1e-09
139,2.735e-08,0.0,0.0,0.0,1.16e-09,0.0,7.53e-10,1.1e-09
140,2.648e-08,0.0,0.0,0.0,1.16e-09,0.0,7.53e-10,1.1e-09
141,2.563e-08,0.0,0.0,0.0,1.16e-09,0.0,7.53e-10,1.1e-09
142,2.48e-08,0.0,0.0,0.0,1.16e-09,0.0,7.53e-10,1.1e-09
143,2.399e-08,0.0,0.0,0.0,1.16e-09,0.0,7.53e-10,1.1e-09
144,2.32e-08,0.0,0.0,0.0,1.16e-09,0.0,7.53e-10,1.1e-09
145,2.243e-08,0.0,0.0,0.0,1.16e-09,0.0,7.53e-10,1.1e-09
146,2.168e-08,0.0,0.0,0.0,1.16e-09,0.0,7.53e-10,1.1e-09
147,2.095e-08,0.0,0.0,0.0,1.16e-09,0.0,7.53e-10,1.1e-09
148,2.023e-08,0.0,0.0,0.0,1.16e-09,0.0,7.53e-10,1.1e-09
149,1.953e-08,0.0,0.0,0.0,1.16e-09,0.0,7.53e-10,1.1e-09
150,1.884e-08,0.0,0.0,0.0,1.16e-09,0.0,7.53e-10,1.1e-09
151,1.817e-08,0.0,0.0,0.0,1.16e-09,0.0,7.53e-10,1.1e-09
152,1.752e-08,0.0,0.0,0.0,1.16e-09,0.0,7.53e-10,1.1e-09
153,1.688e-08,0.0,0.0,0.0,1.16e-09,0.0,7.53e-10,1.1e-09
154,1.625e-08,0.0,0.0,0.0,1.16e-09,0.0,7.53e-10,1.1e-09
155,1.564e-08,0.0,0.0,0.0,1.16e-09,0.0,7.53e-10,1.1e-09
156,1.504e-08,0.0,0.0,0.0,1.16e-09,0.0,7.53e-10,1.1e-09
157,1.445e-08,0.0,0.0,0.0,1.16e-09,0.0,7.53e-10,1.1e-09
158,1.387e-08,0.0,0.0,0.0,1.16e-09,0.0,7.53e-10,1.1e-09
159,1.331e-08,0.0,0.0,0.0,1.16e-09,0.0,7.53e-10,1.1e-09
