,rate_electron,rate_HII,rate_HeII,rate_HeIII,rate_HI,rate_HeI,rate_oH2,rate_pH2
0,1.549e-10,8.1e-10,0.0,0.0,1.12e-10,4.05e-11,5.2e-11,9.6e-11
1,1.547e-10,8.1e-10,0.0,0.0,1.111e-10,4.061e-11,5.236e-11,9.618e-11
2,1.547e-10,8.1e-10,0.0,0.0,1.102e-10,4.072e-11,5.273e-11,9.637e-11
3,1.548e-10,8.1e-10,0.0,0.0,1.092e-10,4.084e-11,5.313e-11,9.657e-11
4,1.551e-10,8.1e-10,0.0,0.0,1.084e-10,4.097e-11,5.355e-11,9.678e-11
5,1.554e-10,8.1e-10,0.0,0.0,1.077e-10,4.11e-11,5.4e-11,9.7e-11
6,1.559e-10,8.1e-10,0.0,0.0,1.07e-10,4.124e-11,5.448e-11,9.724e-11
7,1.566e-10,8.1e-10,0.0,0.0,1.067e-10,4.139e-11,5.498e-11,9.749e-11
8,1.573e-10,8.1e-10,0.0,0.0,1.064e-10,4.155e-11,5.551e-11,9.775e-11
9,1.582e-10,8.1e-10,0.0,0.0,1.061e-10,4.172e-11,5.607e-11,9.804e-11
10,1.592e-10,8.1e-10,0.0,0.0,1.057e-10,4.19e-11,5.667e-11,9.833e-11
11,1.604e-10,8.1e-10,0.0,0.0,1.054e-10,4.209e-11,5.73e-11,9.865e-11
12,1.616e-10,8.1e-10,0.0,0.0,1.05e-10,4.229e-11,5.797e-11,9.899e-11
13,1.625e-10,8.1e-10,0.0,0.0,1.052e-10,4.236e-11,5.823e-11,9.877e-11
14,1.635e-10,8.1e-10,0.0,0.0,1.055e-10,4.243e-11,5.848e-11,9.852e-11
15,1.646e-10,8.1e-10,0.0,0.0,1.057e-10,4.25e-11,5.874e-11,9.826e-11
16,1.658e-10,8.1e-10,0.0,0.0,1.06e-10,4.258e-11,5.902e-11,9.798e-11
17,1.672e-10,8.1e-10,0.0,0.0,1.063e-10,4.266e-11,5.932e-11,9.768e-11
18,1.687e-10,8.1e-10,0.0,0.0,1.066e-10,4.275e-11,5.964e-11,9.736e-11
19,1.703e-10,8.1e-10,0.0,0.0,1.07e-10,4.284e-11,5.997e-11,9.703e-11
20,1.721e-10,8.1e-10,0.0,0.0,1.078e-10,4.294e-11,6.032e-11,9.668e-11
21,1.74e-10,8.1e-10,0.0,0.0,1.087e-10,4.304e-11,6.07e-11,9.63e-11
22,1.761e-10,8.1e-10,0.0,0.0,1.097e-10,4.315e-11,6.11e-11,9.59e-11
23,1.783e-10,8.1e-10,0.0,0.0,1.108e-10,4.327e-11,6.152e-11,9.548e-11
24,1.807e-10,8.1e-10,0.0,0.0,1.119e-10,4.339e-11,6.196e-11,9.504e-11
25,1.832e-10,8.1e-10,0.0,0.0,1.134e-10,4.343e-11,6.222e-11,9.435e-11
26,1.859e-10,8.1e-10,0.0,0.0,1.15e-10,4.346e-11,6.247e-11,9.36e-11
27,1.887e-10,8.1e-10,0.0,0.0,1.166e-10,4.35e-11,6.273e-11,9.281e-11
28,1.917e-10,8.1e-10,0.0,0.0,1.184e-10,4.353e-11,6.301e-11,9.198e-11
29,1.939e-10,8.1e-10,0.0,0.0,1.203e-10,4.357e-11,6.331e-11,9.138e-11
30,1.963e-10,8.1e-10,0.0,0.0,1.223e-10,4.362e-11,6.362e-11,9.075e-11
31,1.989e-10,8.1e-10,0.0,0.0,1.244e-10,4.366e-11,6.396e-11,9.009e-11
32,2.016e-10,8.1e-10,0.0,0.0,1.266e-10,4.371e-11,6.431e-11,8.969e-11
33,2.045e-10,8.1e-10,0.0,0.0,1.29e-10,4.376e-11,6.468e-11,8.932e-11
34,2.075e-10,8.1e-10,0.0,0.0,1.315e-10,4.381e-11,6.516e-11,8.884e-11
35,2.107e-10,8.1e-10,0.0,0.0,1.338e-10,4.387e-11,6.6e-11,8.8e-11
36,2.141e-10,8.1e-10,0.0,0.0,1.363e-10,4.393e-11,6.689e-11,8.711e-11
37,2.177e-10,8.1e-10,0.0,0.0,1.39e-10,4.399e-11,6.327e-11,8.659e-11
38,2.215e-10,8.1e-10,0.0,0.0,1.418e-10,4.406e-11,5.879e-11,8.609e-11
39,2.254e-10,8.1e-10,0.0,0.0,1.448e-10,4.413e-11,6.285e-11,8.6e-11
40,2.295e-10,8.1e-10,0.0,0.0,1.48e-10,4.42e-11,6.9e-11,8.6e-11
41,2.351e-10,8.805e-10,0.0,0.0,1.504e-10,4.433e-11,6.959e-11,8.57e-11
42,2.409e-10,9.552e-10,0.0,0.0,1.529e-10,4.447e-11,7.022e-11,8.539e-11
43,2.47e-10,1.034e-09,0.0,0.0,1.555e-10,4.461e-11,7.089e-11,8.506e-11
44,2.532e-10,1.118e-09,0.0,0.0,1.584e-10,4.477e-11,7.159e-11,8.471e-11
45,2.596e-10,1.207e-09,0.0,0.0,1.613e-10,4.493e-11,7.234e-11,8.433e-11
46,2.662e-10,1.301e-09,0.0,0.0,1.645e-10,4.511e-11,7.313e-11,8.4e-11
47,2.731e-10,1.401e-09,0.0,0.0,1.678e-10,4.529e-11,7.396e-11,8.4e-11
48,2.801e-10,1.506e-09,0.0,0.0,1.714e-10,4.554e-11,7.485e-11,8.4e-11
49,2.875e-10,1.618e-09,0.0,0.0,1.752e-10,4.581e-11,7.579e-11,8.4e-11
50,2.95e-10,1.736e-09,0.0,0.0,1.791e-10,4.61e-11,7.678e-11,8.4e-11
51,3.028e-10,1.862e-09,0.0,0.0,1.833e-10,4.64e-11,7.784e-11,8.442e-11
52,3.109e-10,1.994e-09,0.0,0.0,1.878e-10,4.672e-11,7.895e-11,8.498e-11
53,3.192e-10,2.17e-09,0.0,0.0,1.91e-10,4.706e-11,7.991e-11,8.545e-11
54,3.277e-10,2.358e-09,0.0,0.0,1.942e-10,4.742e-11,8.091e-11,8.595e-11
55,3.366e-10,2.557e-09,0.0,0.0,1.977e-10,4.78e-11,8.197e-11,8.649e-11
56,3.457e-10,2.768e-09,0.0,0.0,2.013e-10,4.82e-11,8.31e-11,8.702e-11
57,3.551e-10,2.991e-09,0.0,0.0,2.045e-10,4.863e-11,8.429e-11,8.732e-11
58,3.648e-10,3.228e-09,0.0,0.0,2.08e-10,4.908e-11,8.555e-11,8.764e-11
59,3.748e-10,3.478e-09,0.0,0.0,2.117e-10,4.956e-11,8.688e-11,8.797e-11
60,3.851e-10,3.735e-09,0.0,0.0,2.152e-10,4.968e-11,8.83e-11,8.897e-11
61,3.957e-10,4.007e-09,0.0,0.0,2.19e-10,4.977e-11,8.98e-11,9.01e-11
62,4.067e-10,4.295e-09,0.0,0.0,2.23e-10,4.987e-11,9.129e-11,9.119e-11
63,4.18e-10,4.6e-09,0.0,0.0,2.272e-10,4.998e-11,9.255e-11,9.203e-11
64,4.296e-10,4.923e-09,0.0,0.0,2.316e-10,5.009e-11,9.389e-11,9.292e-11
65,4.416e-10,5.265e-09,0.0,0.0,2.357e-10,5.021e-11,9.53e-11,9.387e-11
66,4.54e-10,5.627e-09,0.0,0.0,2.399e-10,5.033e-11,9.68e-11,9.487e-11
67,4.667e-10,6.011e-09,0.0,0.0,2.444e-10,5.047e-11,9.839e-11,9.546e-11
68,4.807e-10,6.416e-09,0.0,0.0,2.492e-10,5.06e-11,1e-10,9.605e-11
69,5.146e-10,6.817e-09,0.0,0.0,2.535e-10,5.069e-11,1.012e-10,9.724e-11
70,5.49e-10,7.242e-09,0.0,0.0,2.58e-10,5.077e-11,1.025e-10,9.849e-11
71,5.838e-10,7.691e-09,0.0,0.0,2.629e-10,5.087e-11,1.038e-10,9.983e-11
72,6.19e-10,8.168e-09,0.0,0.0,2.68e-10,5.097e-11,1.052e-10,1.006e-10
73,6.548e-10,8.673e-09,0.0,0.0,2.734e-10,5.107e-11,1.067e-10,1.014e-10
74,6.912e-10,9.177e-09,0.0,0.0,2.79e-10,5.118e-11,1.082e-10,1.022e-10
75,7.281e-10,9.582e-09,0.0,0.0,2.845e-10,5.13e-11,1.09e-10,1.03e-10
76,7.656e-10,1.001e-08,0.0,0.0,2.903e-10,5.141e-11,1.099e-10,1.039e-10
77,8.038e-10,1.047e-08,0.0,0.0,2.96e-10,5.152e-11,1.104e-10,1.04e-10
78,8.426e-10,1.095e-08,0.0,0.0,3.02e-10,5.164e-11,1.109e-10,1.04e-10
79,8.821e-10,1.146e-08,0.0,0.0,3.083e-10,5.177e-11,1.114e-10,1.04e-10
80,9.223e-10,1.2e-08,0.0,0.0,3.15e-10,5.19e-11,1.12e-10,1.04e-10
81,1.046e-09,1.241e-08,0.0,0.0,3.15e-10,5.19e-11,1.12e-10,1.04e-10
82,1.17e-09,1.285e-08,0.0,0.0,3.15e-10,5.19e-11,1.118e-10,1.038e-10
83,1.295e-09,1.332e-08,0.0,0.0,3.15e-10,5.19e-11,1.111e-10,1.031e-10
84,1.422e-09,1.381e-08,0.0,0.0,3.15e-10,5.19e-11,1.11e-10,1.03e-10
85,1.549e-09,1.433e-08,0.0,0.0,3.15e-10,5.19e-11,1.11e-10,1.03e-10
86,1.678e-09,1.489e-08,0.0,0.0,3.15e-10,5.19e-11,1.11e-10,1.03e-10
87,1.808e-09,1.547e-08,0.0,0.0,3.15e-10,5.19e-11,1.11e-10,1.03e-10
88,1.94e-09,1.609e-08,0.0,0.0,3.15e-10,5.19e-11,1.11e-10,1.03e-10
89,2.073e-09,1.675e-08,0.0,0.0,3.15e-10,5.19e-11,1.11e-10,1.03e-10
90,2.208e-09,1.745e-08,0.0,0.0,3.15e-10,5.19e-11,1.11e-10,1.03e-10
91,2.345e-09,1.819e-08,0.0,0.0,3.15e-10,5.19e-11,1.11e-10,1.03e-10
92,2.483e-09,1.897e-08,0.0,0.0,3.15e-10,5.19e-11,1.11e-10,1.03e-10
93,2.624e-09,1.945e-08,0.0,0.0,3.15e-10,5.19e-11,1.11e-10,1.03e-10
94,2.767e-09,1.995e-08,0.0,0.0,3.15e-10,5.19e-11,1.11e-10,1.03e-10
95,2.912e-09,2.049e-08,0.0,0.0,3.15e-10,5.19e-11,1.11e-10,1.03e-10
96,3.056e-09,2.105e-08,0.0,0.0,3.15e-10,5.19e-11,1.11e-10,1.03e-10
97,3.156e-09,2.164e-08,0.0,0.0,3.15e-10,5.19e-11,1.11e-10,1.03e-10
98,3.258e-09,2.227e-08,0.0,0.0,3.15e-10,5.19e-11,1.11e-10,1.03e-10
99,3.364e-09,2.294e-08,0.0,0.0,3.15e-10,5.19e-11,1.11e-10,1.03e-10
100,3.472e-09,2.324e-08,0.0,0.0,3.15e-10,5.19e-11,1.11e-10,1.03e-10
101,3.583e-09,2.352e-08,0.0,0.0,3.15e-10,5.19e-11,1.11e-10,1.03e-10
102,3.697e-09,2.382e-08,0.0,0.0,3.15e-10,5.19e-11,1.11e-10,1.03e-10
103,3.813e-09,2.414e-08,0.0,0.0,3.15e-10,5.19e-11,1.11e-10,1.03e-10
104,3.934e-09,2.447e-08,0.0,0.0,3.15e-10,5.19e-11,1.11e-10,1.03e-10
105,4.057e-09,2.483e-08,0.0,0.0,3.15e-10,5.19e-11,1.11e-10,1.03e-10
106,4.184e-09,2.52e-08,0.0,0.0,3.15e-10,5.19e-11,1.11e-10,1.03e-10
107,4.314e-09,2.56e-08,0.0,0.0,3.15e-10,5.19e-11,1.11e-10,1.03e-10
108,4.442e-09,2.601e-08,0.0,0.0,3.15e-10,5.19e-11,1.11e-10,1.03e-10
109,4.431e-09,2.615e-08,0.0,0.0,3.15e-10,5.19e-11,1.11e-10,1.03e-10
110,4.424e-09,2.631e-08,0.0,0.0,3.15e-10,5.19e-11,1.11e-10,1.03e-10
111,4.421e-09,2.648e-08,0.0,0.0,3.15e-10,5.19e-11,1.11e-10,1.03e-10
112,4.421e-09,2.665e-08,0.0,0.0,3.15e-10,5.19e-11,1.11e-10,1.03e-10
113,4.425e-09,2.684e-08,0.0,0.0,3.15e-10,5.19e-11,1.11e-10,1.03e-10
114,4.433e-09,2.703e-08,0.0,0.0,3.15e-10,5.19e-11,1.11e-10,1.03e-10
115,4.444e-09,2.717e-08,0.0,0.0,3.15e-10,5.19e-11,1.11e-10,1.03e-10
116,4.397e-09,2.731e-08,0.0,0.0,3.15e-10,5.19e-11,1.11e-10,1.03e-10
117,4.354e-09,2.747e-08,0.0,0.0,3.15e-10,5.19e-11,1.11e-10,1.03e-10
118,4.314e-09,2.764e-08,0.0,0.0,3.15e-10,5.19e-11,1.11e-10,1.03e-10
119,4.278e-09,2.781e-08,0.0,0.0,3.15e-10,5.19e-11,1.11e-10,1.03e-10
120,4.246e-09,2.8e-08,0.0,0.0,3.15e-10,5.19e-11,1.11e-10,1.03e-10
121,4.125e-09,2.812e-08,0.0,0.0,3.15e-10,5.19e-11,1.11e-10,1.03e-10
122,4.008e-09,2.824e-08,0.0,0.0,3.15e-10,5.19e-11,1.11e-10,1.03e-10
123,3.894e-09,2.838e-08,0.0,0.0,3.15e-10,5.19e-11,1.11e-10,1.03e-10
124,3.784e-09,2.852e-08,0.0,0.0,3.15e-10,5.19e-11,1.11e-10,1.03e-10
125,3.676e-09,2.867e-08,0.0,0.0,3.15e-10,5.19e-11,1.11e-10,1.03e-10
126,3.572e-09,2.883e-08,0.0,0.0,3.15e-10,5.19e-11,1.11e-10,1.03e-10
127,3.471e-09,2.899e-08,0.0,0.0,3.15e-10,5.19e-11,1.11e-10,1.03e-10
128,3.372e-09,2.917e-08,0.0,0.0,3.15e-10,5.19e-11,1.11e-10,1.03e-10
129,3.277e-09,2.936e-08,0.0,0.0,3.15e-10,5.19e-11,1.11e-10,1.03e-10
130,3.184e-09,2.956e-08,0.0,0.0,3.15e-10,5.19e-11,1.11e-10,1.03e-10
131,3.093e-09,2.977e-08,0.0,0.0,3.15e-10,5.19e-11,1.11e-10,1.03e-10
132,3.006e-09,2.999e-08,0.0,0.0,3.15e-10,5.19e-11,1.11e-10,1.03e-10
133,2.92e-09,3e-08,0.0,0.0,3.15e-10,5.19e-11,1.11e-10,1.03e-10
134,2.837e-09,3e-08,0.0,0.0,3.15e-10,5.19e-11,1.11e-10,1.03e-10
135,2.757e-09,3e-08,0.0,0.0,3.15e-10,5.19e-11,1.11e-10,1.03e-10
136,2.679e-09,3e-08,0.0,0.0,3.15e-10,5.19e-11,1.11e-10,1.03e-10
137,2.603e-09,3e-08,0.0,0.0,3.15e-10,5.19e-11,1.11e-10,1.03e-10
138,2.529e-09,3e-08,0.0,0.0,3.15e-10,5.19e-11,1.11e-10,1.03e-10
139,2.457e-09,3e-08,0.0,0.0,3.15e-10,5.19e-11,1.11e-10,1.03e-10
140,2.387e-09,3e-08,0.0,0.0,3.15e-10,5.19e-11,1.11e-10,1.03e-10
141,2.32e-09,3e-08,0.0,0.0,3.15e-10,5.19e-11,1.11e-10,1.03e-10
142,2.254e-09,3e-08,0.0,0.0,3.15e-10,5.19e-11,1.11e-10,1.03e-10
143,2.19e-09,3e-08,0.0,0.0,3.15e-10,5.19e-11,1.11e-10,1.03e-10
144,2.128e-09,3e-08,0.0,0.0,3.15e-10,5.19e-11,1.11e-10,1.03e-10
145,2.067e-09,3e-08,0.0,0.0,3.15e-10,5.19e-11,1.11e-10,1.03e-10
146,2.009e-09,3e-08,0.0,0.0,3.15e-10,5.19e-11,1.11e-10,1.03e-10
147,1.952e-09,3e-08,0.0,0.0,3.15e-10,5.19e-11,1.11e-10,1.03e-10
148,1.896e-09,3e-08,0.0,0.0,3.15e-10,5.19e-11,1.11e-10,1.03e-10
149,1.843e-09,3e-08,0.0,0.0,3.15e-10,5.19e-11,1.11e-10,1.03e-10
150,1.79e-09,3e-08,0.0,0.0,3.15e-10,5.19e-11,1.11e-10,1.03e-10
151,1.74e-09,3e-08,0.0,0.0,3.15e-10,5.19e-11,1.11e-10,1.03e-10
152,1.69e-09,3e-08,0.0,0.0,3.15e-10,5.19e-11,1.11e-10,1.03e-10
153,1.642e-09,3e-08,0.0,0.0,3.15e-10,5.19e-11,1.11e-10,1.03e-10
154,1.596e-09,3e-08,0.0,0.0,3.15e-10,5.19e-11,1.11e-10,1.03e-10
155,1.55e-09,3e-08,0.0,0.0,3.15e-10,5.19e-11,1.11e-10,1.03e-10
156,1.506e-09,3e-08,0.0,0.0,3.15e-10,5.19e-11,1.11e-10,1.03e-10
157,1.464e-09,3e-08,0.0,0.0,3.15e-10,5.19e-11,1.11e-10,1.03e-10
158,1.422e-09,3e-08,0.0,0.0,3.15e-10,5.19e-11,1.11e-10,1.03e-10
159,1.382e-09,3e-08,0.0,0.0,3.15e-10,5.19e-11,1.11e-10,1.03e-10
