,rate_electron,rate_HII,rate_HeII,rate_HeIII,rate_HI,rate_HeI,rate_oH2,rate_pH2
0,4.093e-07,0.0,0.0,0.0,3.08e-10,0.0,0.0,0.0
1,3.977e-07,0.0,0.0,0.0,3.077e-10,0.0,0.0,0.0
2,3.864e-07,0.0,0.0,0.0,3.073e-10,0.0,0.0,0.0
3,3.755e-07,0.0,0.0,0.0,3.069e-10,0.0,0.0,0.0
4,3.648e-07,0.0,0.0,0.0,3.065e-10,0.0,0.0,0.0
5,3.545e-07,0.0,0.0,0.0,3.061e-10,0.0,0.0,0.0
6,3.444e-07,0.0,0.0,0.0,3.057e-10,0.0,0.0,0.0
7,3.346e-07,0.0,0.0,0.0,3.052e-10,0.0,0.0,0.0
8,3.251e-07,0.0,0.0,0.0,3.047e-10,0.0,0.0,0.0
9,3.159e-07,0.0,0.0,0.0,3.042e-10,0.0,0.0,0.0
10,3.069e-07,0.0,0.0,0.0,3.036e-10,0.0,0.0,0.0
11,2.982e-07,0.0,0.0,0.0,3.03e-10,0.0,0.0,0.0
12,2.898e-07,0.0,0.0,0.0,3.024e-10,0.0,0.0,0.0
13,2.816e-07,0.0,0.0,0.0,3.017e-10,0.0,0.0,0.0
14,2.736e-07,0.0,0.0,0.0,3.01e-10,0.0,0.0,0.0
15,2.658e-07,0.0,0.0,0.0,3.002e-10,0.0,0.0,0.0
16,2.583e-07,0.0,0.0,0.0,2.994e-10,0.0,0.0,0.0
17,2.509e-07,0.0,0.0,0.0,2.986e-10,0.0,0.0,0.0
18,2.438e-07,0.0,0.0,0.0,2.977e-10,0.0,0.0,0.0
19,2.369e-07,0.0,0.0,0.0,2.967e-10,0.0,0.0,0.0
20,2.302e-07,0.0,0.0,0.0,2.957e-10,0.0,0.0,0.0
21,2.236e-07,0.0,0.0,0.0,2.947e-10,0.0,0.0,0.0
22,2.173e-07,0.0,0.0,0.0,2.936e-10,0.0,0.0,0.0
23,2.111e-07,0.0,0.0,0.0,2.924e-10,0.0,0.0,0.0
24,2.051e-07,0.0,0.0,0.0,2.911e-10,0.0,0.0,0.0
25,1.993e-07,0.0,0.0,0.0,2.903e-10,0.0,0.0,0.0
26,1.937e-07,0.0,0.0,0.0,2.896e-10,0.0,0.0,0.0
27,1.882e-07,0.0,0.0,0.0,2.888e-10,0.0,0.0,0.0
28,1.828e-07,0.0,0.0,0.0,2.88e-10,0.0,0.0,0.0
29,1.776e-07,0.0,0.0,0.0,2.871e-10,0.0,0.0,0.0
30,1.726e-07,0.0,0.0,0.0,2.861e-10,0.0,0.0,0.0
31,1.677e-07,0.0,0.0,0.0,2.851e-10,0.0,0.0,0.0
32,1.63e-07,0.0,0.0,0.0,2.841e-10,0.0,0.0,0.0
33,1.583e-07,0.0,0.0,0.0,2.829e-10,0.0,0.0,0.0
34,1.538e-07,0.0,0.0,0.0,2.819e-10,0.0,0.0,0.0
35,1.495e-07,0.0,0.0,0.0,2.812e-10,0.0,0.0,0.0
36,1.452e-07,0.0,0.0,0.0,2.804e-10,0.0,0.0,0.0
37,1.411e-07,0.0,0.0,0.0,2.796e-10,0.0,0.0,0.0
38,1.371e-07,0.0,0.0,0.0,2.788e-10,0.0,0.0,0.0
39,1.332e-07,0.0,0.0,0.0,2.779e-10,0.0,0.0,0.0
40,1.294e-07,0.0,0.0,0.0,2.77e-10,0.0,0.0,0.0
41,1.258e-07,0.0,0.0,0.0,2.771e-10,0.0,0.0,0.0
42,1.223e-07,0.0,0.0,0.0,2.772e-10,0.0,0.0,0.0
43,1.189e-07,0.0,0.0,0.0,2.774e-10,0.0,0.0,0.0
44,1.156e-07,0.0,0.0,0.0,2.775e-10,0.0,0.0,0.0
45,1.123e-07,0.0,0.0,0.0,2.777e-10,0.0,0.0,0.0
46,1.092e-07,0.0,0.0,0.0,2.778e-10,0.0,0.0,0.0
47,1.062e-07,0.0,0.0,0.0,2.78e-10,0.0,0.0,0.0
48,1.032e-07,0.0,0.0,0.0,2.782e-10,0.0,0.0,0.0
49,1.002e-07,0.0,0.0,0.0,2.784e-10,0.0,0.0,0.0
50,9.739e-08,0.0,0.0,0.0,2.786e-10,0.0,0.0,0.0
51,9.462e-08,0.0,0.0,0.0,2.788e-10,0.0,0.0,0.0
52,9.194e-08,0.0,0.0,0.0,2.79e-10,0.0,0.0,0.0
53,8.933e-08,0.0,0.0,0.0,2.792e-10,0.0,0.0,0.0
54,8.68e-08,0.0,0.0,0.0,2.795e-10,0.0,0.0,0.0
55,8.433e-08,0.0,0.0,0.0,2.797e-10,0.0,0.0,0.0
56,8.194e-08,0.0,0.0,0.0,2.8e-10,0.0,0.0,0.0
57,7.962e-08,0.0,0.0,0.0,2.803e-10,0.0,0.0,0.0
58,7.736e-08,0.0,0.0,0.0,2.806e-10,0.0,0.0,0.0
59,7.516e-08,0.0,0.0,0.0,2.81e-10,0.0,0.0,0.0
60,7.303e-08,0.0,0.0,0.0,2.829e-10,0.0,0.0,0.0
61,7.096e-08,0.0,0.0,0.0,2.852e-10,0.0,0.0,0.0
62,6.895e-08,0.0,0.0,0.0,2.876e-10,0.0,0.0,0.0
63,6.699e-08,0.0,0.0,0.0,2.901e-10,0.0,0.0,0.0
64,6.509e-08,0.0,0.0,0.0,2.928e-10,0.0,0.0,0.0
65,6.324e-08,0.0,0.0,0.0,2.956e-10,0.0,0.0,0.0
66,6.145e-08,0.0,0.0,0.0,2.986e-10,0.0,0.0,0.0
67,5.97e-08,0.0,0.0,0.0,3.018e-10,0.0,0.0,0.0
68,5.801e-08,0.0,0.0,0.0,3.051e-10,0.0,0.0,0.0
69,5.636e-08,0.0,0.0,0.0,3.087e-10,0.0,0.0,0.0
70,5.477e-08,0.0,0.0,0.0,3.125e-10,0.0,0.0,0.0
71,5.321e-08,0.0,0.0,0.0,3.165e-10,0.0,0.0,0.0
72,5.174e-08,0.0,0.0,0.0,3.21e-10,0.0,0.0,0.0
73,5.031e-08,0.0,0.0,0.0,3.259e-10,0.0,0.0,0.0
74,4.893e-08,0.0,0.0,0.0,3.31e-10,0.0,0.0,0.0
75,4.758e-08,0.0,0.0,0.0,3.365e-10,0.0,0.0,0.0
76,4.623e-08,0.0,0.0,0.0,3.423e-10,0.0,0.0,0.0
77,4.492e-08,0.0,0.0,0.0,3.484e-10,0.0,0.0,0.0
78,4.365e-08,0.0,0.0,0.0,3.549e-10,0.0,0.0,0.0
79,4.241e-08,0.0,0.0,0.0,3.616e-10,0.0,0.0,0.0
80,4.12e-08,0.0,0.0,0.0,3.688e-10,0.0,0.0,0.0
81,4.004e-08,0.0,0.0,0.0,3.764e-10,0.0,0.0,0.0
82,3.89e-08,0.0,0.0,0.0,3.845e-10,0.0,0.0,0.0
83,3.78e-08,0.0,0.0,0.0,3.93e-10,0.0,0.0,0.0
84,3.672e-08,0.0,0.0,0.0,4.02e-10,0.0,0.0,0.0
85,3.568e-08,0.0,0.0,0.0,4.116e-10,0.0,0.0,0.0
86,3.472e-08,0.0,0.0,0.0,4.217e-10,0.0,0.0,0.0
87,3.379e-08,0.0,0.0,0.0,4.324e-10,0.0,0.0,0.0
88,3.284e-08,0.0,0.0,0.0,4.438e-10,0.0,0.0,0.0
89,3.191e-08,0.0,0.0,0.0,4.558e-10,0.0,0.0,0.0
90,3.1e-08,0.0,0.0,0.0,4.686e-10,0.0,0.0,0.0
91,3.012e-08,0.0,0.0,0.0,4.821e-10,0.0,0.0,0.0
92,2.935e-08,0.0,0.0,0.0,4.964e-10,0.0,0.0,0.0
93,2.854e-08,0.0,0.0,0.0,4.97e-10,0.0,0.0,0.0
94,2.773e-08,0.0,0.0,0.0,4.97e-10,0.0,0.0,0.0
95,2.695e-08,0.0,0.0,0.0,4.97e-10,0.0,0.0,0.0
96,2.619e-08,0.0,0.0,0.0,4.97e-10,0.0,0.0,0.0
97,2.546e-08,0.0,0.0,0.0,4.97e-10,0.0,0.0,0.0
98,2.474e-08,0.0,0.0,0.0,4.97e-10,0.0,0.0,0.0
99,2.404e-08,0.0,0.0,0.0,4.97e-10,0.0,0.0,0.0
100,2.337e-08,0.0,0.0,0.0,4.97e-10,0.0,0.0,0.0
101,2.271e-08,0.0,0.0,0.0,4.97e-10,0.0,0.0,0.0
102,2.208e-08,0.0,0.0,0.0,4.97e-10,0.0,0.0,0.0
103,2.146e-08,0.0,0.0,0.0,4.97e-10,0.0,0.0,0.0
104,2.086e-08,0.0,0.0,0.0,4.97e-10,0.0,0.0,0.0
105,2.029e-08,0.0,0.0,0.0,4.97e-10,0.0,0.0,0.0
106,1.973e-08,0.0,0.0,0.0,4.97e-10,0.0,0.0,0.0
107,1.92e-08,0.0,0.0,0.0,4.97e-10,0.0,0.0,0.0
108,1.868e-08,0.0,0.0,0.0,4.97e-10,0.0,0.0,0.0
109,1.818e-08,0.0,0.0,0.0,4.97e-10,0.0,0.0,0.0
110,1.769e-08,0.0,0.0,0.0,4.97e-10,0.0,0.0,0.0
111,1.721e-08,0.0,0.0,0.0,4.97e-10,0.0,0.0,0.0
112,1.675e-08,0.0,0.0,0.0,4.97e-10,0.0,0.0,0.0
113,1.631e-08,0.0,0.0,0.0,4.97e-10,0.0,0.0,0.0
114,1.588e-08,0.0,0.0,0.0,4.97e-10,0.0,0.0,0.0
115,1.546e-08,0.0,0.0,0.0,4.97e-10,0.0,0.0,0.0
116,1.505e-08,0.0,0.0,0.0,4.97e-10,0.0,0.0,0.0
117,1.466e-08,0.0,0.0,0.0,4.97e-10,0.0,0.0,0.0
118,1.428e-08,0.0,0.0,0.0,4.97e-10,0.0,0.0,0.0
119,1.391e-08,0.0,0.0,0.0,4.97e-10,0.0,0.0,0.0
120,1.355e-08,0.0,0.0,0.0,4.97e-10,0.0,0.0,0.0
121,1.319e-08,0.0,0.0,0.0,4.97e-10,0.0,0.0,0.0
122,1.285e-08,0.0,0.0,0.0,4.97e-10,0.0,0.0,0.0
123,1.252e-08,0.0,0.0,0.0,4.97e-10,0.0,0.0,0.0
124,1.219e-08,0.0,0.0,0.0,4.97e-10,0.0,0.0,0.0
125,1.188e-08,0.0,0.0,0.0,4.97e-10,0.0,0.0,0.0
126,1.158e-08,0.0,0.0,0.0,4.97e-10,0.0,0.0,0.0
127,1.129e-08,0.0,0.0,0.0,4.97e-10,0.0,0.0,0.0
128,1.1e-08,0.0,0.0,0.0,4.97e-10,0.0,0.0,0.0
129,1.073e-08,0.0,0.0,0.0,4.97e-10,0.0,0.0,0.0
130,1.046e-08,0.0,0.0,0.0,4.97e-10,0.0,0.0,0.0
131,1.02e-08,0.0,0.0,0.0,4.97e-10,0.0,0.0,0.0
132,9.956e-09,0.0,0.0,0.0,4.97e-10,0.0,0.0,0.0
133,9.716e-09,0.0,0.0,0.0,4.97e-10,0.0,0.0,0.0
134,9.483e-09,0.0,0.0,0.0,4.97e-10,0.0,0.0,0.0
135,9.259e-09,0.0,0.0,0.0,4.97e-10,0.0,0.0,0.0
136,9.042e-09,0.0,0.0,0.0,4.97e-10,0.0,0.0,0.0
137,8.833e-09,0.0,0.0,0.0,4.97e-10,0.0,0.0,0.0
138,8.631e-09,0.0,0.0,0.0,4.97e-10,0.0,0.0,0.0
139,8.436e-09,0.0,0.0,0.0,4.97e-10,0.0,0.0,0.0
140,8.248e-09,0.0,0.0,0.0,4.97e-10,0.0,0.0,0.0
141,8.067e-09,0.0,0.0,0.0,4.97e-10,0.0,0.0,0.0
142,7.893e-09,0.0,0.0,0.0,4.97e-10,0.0,0.0,0.0
143,7.725e-09,0.0,0.0,0.0,4.97e-10,0.0,0.0,0.0
144,7.564e-09,0.0,0.0,0.0,4.97e-10,0.0,0.0,0.0
145,7.392e-09,0.0,0.0,0.0,4.97e-10,0.0,0.0,0.0
146,7.224e-09,0.0,0.0,0.0,4.97e-10,0.0,0.0,0.0
147,7.063e-09,0.0,0.0,0.0,4.97e-10,0.0,0.0,0.0
148,6.908e-09,0.0,0.0,0.0,4.97e-10,0.0,0.0,0.0
149,6.758e-09,0.0,0.0,0.0,4.97e-10,0.0,0.0,0.0
150,6.614e-09,0.0,0.0,0.0,4.97e-10,0.0,0.0,0.0
151,6.476e-09,0.0,0.0,0.0,4.97e-10,0.0,0.0,0.0
152,6.342e-09,0.0,0.0,0.0,4.97e-10,0.0,0.0,0.0
153,6.214e-09,0.0,0.0,0.0,4.97e-10,0.0,0.0,0.0
154,6.092e-09,0.0,0.0,0.0,4.97e-10,0.0,0.0,0.0
155,5.974e-09,0.0,0.0,0.0,4.97e-10,0.0,0.0,0.0
156,5.861e-09,0.0,0.0,0.0,4.97e-10,0.0,0.0,0.0
157,5.753e-09,0.0,0.0,0.0,4.97e-10,0.0,0.0,0.0
158,5.65e-09,0.0,0.0,0.0,4.97e-10,0.0,0.0,0.0
159,5.551e-09,0.0,0.0,0.0,4.97e-10,0.0,0.0,0.0
