,rate_electron,rate_HII,rate_HeII,rate_HeIII,rate_HI,rate_HeI,rate_oH2,rate_pH2
0,3.568e-06,0.0,0.0,0.0,4.52e-10,0.0,0.0,0.0
1,3.467e-06,0.0,0.0,0.0,4.52e-10,0.0,0.0,0.0
2,3.368e-06,0.0,0.0,0.0,4.52e-10,0.0,0.0,0.0
3,3.273e-06,0.0,0.0,0.0,4.52e-10,0.0,0.0,0.0
4,3.18e-06,0.0,0.0,0.0,4.52e-10,0.0,0.0,0.0
5,3.09e-06,0.0,0.0,0.0,4.52e-10,0.0,0.0,0.0
6,3.002e-06,0.0,0.0,0.0,4.52e-10,0.0,0.0,0.0
7,2.917e-06,0.0,0.0,0.0,4.52e-10,0.0,0.0,0.0
8,2.834e-06,0.0,0.0,0.0,4.52e-10,0.0,0.0,0.0
9,2.754e-06,0.0,0.0,0.0,4.52e-10,0.0,0.0,0.0
10,2.676e-06,0.0,0.0,0.0,4.52e-10,0.0,0.0,0.0
11,2.6e-06,0.0,0.0,0.0,4.52e-10,0.0,0.0,0.0
12,2.526e-06,0.0,0.0,0.0,4.52e-10,0.0,0.0,0.0
13,2.454e-06,0.0,0.0,0.0,4.538e-10,0.0,0.0,0.0
14,2.385e-06,0.0,0.0,0.0,4.557e-10,0.0,0.0,0.0
15,2.317e-06,0.0,0.0,0.0,4.578e-10,0.0,0.0,0.0
16,2.251e-06,0.0,0.0,0.0,4.599e-10,0.0,0.0,0.0
17,2.187e-06,0.0,0.0,0.0,4.622e-10,0.0,0.0,0.0
18,2.125e-06,0.0,0.0,0.0,4.647e-10,0.0,0.0,0.0
19,2.065e-06,0.0,0.0,0.0,4.673e-10,0.0,0.0,0.0
20,2.006e-06,0.0,0.0,0.0,4.7e-10,0.0,0.0,0.0
21,1.949e-06,0.0,0.0,0.0,4.729e-10,0.0,0.0,0.0
22,1.894e-06,0.0,0.0,0.0,4.76e-10,0.0,0.0,0.0
23,1.84e-06,0.0,0.0,0.0,4.793e-10,0.0,0.0,0.0
24,1.788e-06,0.0,0.0,0.0,4.827e-10,0.0,0.0,0.0
25,1.737e-06,0.0,0.0,0.0,4.853e-10,0.0,0.0,0.0
26,1.688e-06,0.0,0.0,0.0,4.879e-10,0.0,0.0,0.0
27,1.64e-06,0.0,0.0,0.0,4.907e-10,0.0,0.0,0.0
28,1.594e-06,0.0,0.0,0.0,4.936e-10,0.0,0.0,0.0
29,1.548e-06,0.0,0.0,0.0,4.967e-10,0.0,0.0,0.0
30,1.505e-06,0.0,0.0,0.0,5e-10,0.0,0.0,0.0
31,1.462e-06,0.0,0.0,0.0,5.035e-10,0.0,0.0,0.0
32,1.42e-06,0.0,0.0,0.0,5.068e-10,0.0,0.0,0.0
33,1.38e-06,0.0,0.0,0.0,5.102e-10,0.0,0.0,0.0
34,1.341e-06,0.0,0.0,0.0,5.137e-10,0.0,0.0,0.0
35,1.303e-06,0.0,0.0,0.0,5.175e-10,0.0,0.0,0.0
36,1.266e-06,0.0,0.0,0.0,5.215e-10,0.0,0.0,0.0
37,1.23e-06,0.0,0.0,0.0,5.255e-10,0.0,0.0,0.0
38,1.195e-06,0.0,0.0,0.0,5.298e-10,0.0,0.0,0.0
39,1.161e-06,0.0,0.0,0.0,5.342e-10,0.0,0.0,0.0
40,1.128e-06,0.0,0.0,0.0,5.39e-10,0.0,0.0,0.0
41,1.096e-06,0.0,0.0,0.0,5.437e-10,0.0,0.0,0.0
42,1.065e-06,0.0,0.0,0.0,5.488e-10,0.0,0.0,0.0
43,1.035e-06,0.0,0.0,0.0,5.541e-10,0.0,0.0,0.0
44,1.006e-06,0.0,0.0,0.0,5.594e-10,0.0,0.0,0.0
45,9.77e-07,0.0,0.0,0.0,5.65e-10,0.0,0.0,0.0
46,9.493e-07,0.0,0.0,0.0,5.709e-10,0.0,0.0,0.0
47,9.224e-07,0.0,0.0,0.0,5.767e-10,0.0,0.0,0.0
48,8.962e-07,0.0,0.0,0.0,5.829e-10,0.0,0.0,0.0
49,8.708e-07,0.0,0.0,0.0,5.895e-10,0.0,0.0,0.0
50,8.461e-07,0.0,0.0,0.0,5.965e-10,0.0,0.0,0.0
51,8.221e-07,0.0,0.0,0.0,6.03e-10,0.0,0.0,0.0
52,7.987e-07,0.0,0.0,0.0,6.097e-10,0.0,0.0,0.0
53,7.761e-07,0.0,0.0,0.0,6.164e-10,0.0,0.0,0.0
54,7.541e-07,0.0,0.0,0.0,6.234e-10,0.0,0.0,0.0
55,7.327e-07,0.0,0.0,0.0,6.308e-10,0.0,0.0,0.0
56,7.119e-07,0.0,0.0,0.0,6.387e-10,0.0,0.0,0.0
57,6.917e-07,0.0,0.0,0.0,6.47e-10,0.0,0.0,0.0
58,6.721e-07,0.0,0.0,0.0,6.558e-10,0.0,0.0,0.0
59,6.53e-07,0.0,0.0,0.0,6.652e-10,0.0,0.0,0.0
60,6.345e-07,0.0,0.0,0.0,6.735e-10,0.0,0.0,0.0
61,6.165e-07,0.0,0.0,0.0,6.821e-10,0.0,0.0,0.0
62,5.99e-07,0.0,0.0,0.0,6.912e-10,0.0,0.0,0.0
63,5.82e-07,0.0,0.0,0.0,7.009e-10,0.0,0.0,0.0
64,5.655e-07,0.0,0.0,0.0,7.111e-10,0.0,0.0,0.0
65,5.494e-07,0.0,0.0,0.0,7.206e-10,0.0,0.0,0.0
66,5.338e-07,0.0,0.0,0.0,7.304e-10,0.0,0.0,0.0
67,5.187e-07,0.0,0.0,0.0,7.409e-10,0.0,0.0,0.0
68,5.04e-07,0.0,0.0,0.0,7.52e-10,0.0,0.0,0.0
69,4.897e-07,0.0,0.0,0.0,7.637e-10,0.0,0.0,0.0
70,4.758e-07,0.0,0.0,0.0,7.761e-10,0.0,0.0,0.0
71,4.623e-07,0.0,0.0,0.0,7.893e-10,0.0,0.0,0.0
72,4.492e-07,0.0,0.0,0.0,8.014e-10,0.0,0.0,0.0
73,4.364e-07,0.0,0.0,0.0,8.139e-10,0.0,0.0,0.0
74,4.24e-07,0.0,0.0,0.0,8.272e-10,0.0,0.0,0.0
75,4.12e-07,0.0,0.0,0.0,8.412e-10,0.0,0.0,0.0
76,4.003e-07,0.0,0.0,0.0,8.561e-10,0.0,0.0,0.0
77,3.89e-07,0.0,0.0,0.0,8.702e-10,0.0,0.0,0.0
78,3.779e-07,0.0,0.0,0.0,8.849e-10,0.0,0.0,0.0
79,3.672e-07,0.0,0.0,0.0,9.005e-10,0.0,0.0,0.0
80,3.568e-07,0.0,0.0,0.0,9.17e-10,0.0,0.0,0.0
81,3.467e-07,0.0,0.0,0.0,9.326e-10,0.0,0.0,0.0
82,3.368e-07,0.0,0.0,0.0,9.492e-10,0.0,0.0,0.0
83,3.273e-07,0.0,0.0,0.0,9.668e-10,0.0,0.0,0.0
84,3.18e-07,0.0,0.0,0.0,9.854e-10,0.0,0.0,0.0
85,3.09e-07,0.0,0.0,0.0,1.005e-09,0.0,0.0,0.0
86,3.002e-07,0.0,0.0,0.0,1.026e-09,0.0,0.0,0.0
87,2.917e-07,0.0,0.0,0.0,1.048e-09,0.0,0.0,0.0
88,2.834e-07,0.0,0.0,0.0,1.166e-09,0.0,0.0,0.0
89,2.754e-07,0.0,0.0,0.0,1.296e-09,0.0,0.0,0.0
90,2.676e-07,0.0,0.0,0.0,1.434e-09,0.0,0.0,0.0
91,2.6e-07,0.0,0.0,0.0,1.579e-09,0.0,0.0,0.0
92,2.526e-07,0.0,0.0,0.0,1.733e-09,0.0,0.0,0.0
93,2.454e-07,0.0,0.0,0.0,1.74e-09,0.0,0.0,0.0
94,2.385e-07,0.0,0.0,0.0,1.74e-09,0.0,0.0,0.0
95,2.317e-07,0.0,0.0,0.0,1.74e-09,0.0,0.0,0.0
96,2.251e-07,0.0,0.0,0.0,1.74e-09,0.0,0.0,0.0
97,2.187e-07,0.0,0.0,0.0,1.74e-09,0.0,0.0,0.0
98,2.125e-07,0.0,0.0,0.0,1.74e-09,0.0,0.0,0.0
99,2.065e-07,0.0,0.0,0.0,1.74e-09,0.0,0.0,0.0
100,2.006e-07,0.0,0.0,0.0,1.74e-09,0.0,0.0,0.0
101,1.949e-07,0.0,0.0,0.0,1.74e-09,0.0,0.0,0.0
102,1.894e-07,0.0,0.0,0.0,1.74e-09,0.0,0.0,0.0
103,1.84e-07,0.0,0.0,0.0,1.74e-09,0.0,0.0,0.0
104,1.788e-07,0.0,0.0,0.0,1.74e-09,0.0,0.0,0.0
105,1.737e-07,0.0,0.0,0.0,1.74e-09,0.0,0.0,0.0
106,1.688e-07,0.0,0.0,0.0,1.74e-09,0.0,0.0,0.0
107,1.64e-07,0.0,0.0,0.0,1.74e-09,0.0,0.0,0.0
108,1.594e-07,0.0,0.0,0.0,1.74e-09,0.0,0.0,0.0
109,1.551e-07,0.0,0.0,0.0,1.74e-09,0.0,0.0,0.0
110,1.509e-07,0.0,0.0,0.0,1.74e-09,0.0,0.0,0.0
111,1.469e-07,0.0,0.0,0.0,1.74e-09,0.0,0.0,0.0
112,1.43e-07,0.0,0.0,0.0,1.74e-09,0.0,0.0,0.0
113,1.392e-07,0.0,0.0,0.0,1.74e-09,0.0,0.0,0.0
114,1.356e-07,0.0,0.0,0.0,1.74e-09,0.0,0.0,0.0
115,1.32e-07,0.0,0.0,0.0,1.74e-09,0.0,0.0,0.0
116,1.286e-07,0.0,0.0,0.0,1.74e-09,0.0,0.0,0.0
117,1.25e-07,0.0,0.0,0.0,1.74e-09,0.0,0.0,0.0
118,1.216e-07,0.0,0.0,0.0,1.74e-09,0.0,0.0,0.0
119,1.182e-07,0.0,0.0,0.0,1.74e-09,0.0,0.0,0.0
120,1.15e-07,0.0,0.0,0.0,1.74e-09,0.0,0.0,0.0
121,1.118e-07,0.0,0.0,0.0,1.74e-09,0.0,0.0,0.0
122,1.088e-07,0.0,0.0,0.0,1.74e-09,0.0,0.0,0.0
123,1.058e-07,0.0,0.0,0.0,1.74e-09,0.0,0.0,0.0
124,1.029e-07,0.0,0.0,0.0,1.74e-09,0.0,0.0,0.0
125,9.997e-08,0.0,0.0,0.0,1.74e-09,0.0,0.0,0.0
126,9.708e-08,0.0,0.0,0.0,1.74e-09,0.0,0.0,0.0
127,9.428e-08,0.0,0.0,0.0,1.74e-09,0.0,0.0,0.0
128,9.155e-08,0.0,0.0,0.0,1.74e-09,0.0,0.0,0.0
129,8.89e-08,0.0,0.0,0.0,1.74e-09,0.0,0.0,0.0
130,8.632e-08,0.0,0.0,0.0,1.74e-09,0.0,0.0,0.0
131,8.381e-08,0.0,0.0,0.0,1.74e-09,0.0,0.0,0.0
132,8.137e-08,0.0,0.0,0.0,1.74e-09,0.0,0.0,0.0
133,7.882e-08,0.0,0.0,0.0,1.74e-09,0.0,0.0,0.0
134,7.634e-08,0.0,0.0,0.0,1.74e-09,0.0,0.0,0.0
135,7.392e-08,0.0,0.0,0.0,1.74e-09,0.0,0.0,0.0
136,7.156e-08,0.0,0.0,0.0,1.74e-09,0.0,0.0,0.0
137,6.926e-08,0.0,0.0,0.0,1.74e-09,0.0,0.0,0.0
138,6.702e-08,0.0,0.0,0.0,1.74e-09,0.0,0.0,0.0
139,6.483e-08,0.0,0.0,0.0,1.74e-09,0.0,0.0,0.0
140,6.269e-08,0.0,0.0,0.0,1.74e-09,0.0,0.0,0.0
141,6.049e-08,0.0,0.0,0.0,1.74e-09,0.0,0.0,0.0
142,5.833e-08,0.0,0.0,0.0,1.74e-09,0.0,0.0,0.0
143,5.622e-08,0.0,0.0,0.0,1.74e-09,0.0,0.0,0.0
144,5.416e-08,0.0,0.0,0.0,1.74e-09,0.0,0.0,0.0
145,5.214e-08,0.0,0.0,0.0,1.74e-09,0.0,0.0,0.0
146,5.017e-08,0.0,0.0,0.0,1.74e-09,0.0,0.0,0.0
147,4.823e-08,0.0,0.0,0.0,1.74e-09,0.0,0.0,0.0
148,4.634e-08,0.0,0.0,0.0,1.74e-09,0.0,0.0,0.0
149,4.451e-08,0.0,0.0,0.0,1.74e-09,0.0,0.0,0.0
150,4.272e-08,0.0,0.0,0.0,1.74e-09,0.0,0.0,0.0
151,4.096e-08,0.0,0.0,0.0,1.74e-09,0.0,0.0,0.0
152,3.924e-08,0.0,0.0,0.0,1.74e-09,0.0,0.0,0.0
153,3.755e-08,0.0,0.0,0.0,1.74e-09,0.0,0.0,0.0
154,3.589e-08,0.0,0.0,0.0,1.74e-09,0.0,0.0,0.0
155,3.426e-08,0.0,0.0,0.0,1.74e-09,0.0,0.0,0.0
156,3.266e-08,0.0,0.0,0.0,1.74e-09,0.0,0.0,0.0
157,3.127e-08,0.0,0.0,0.0,1.74e-09,0.0,0.0,0.0
158,2.99e-08,0.0,0.0,0.0,1.74e-09,0.0,0.0,0.0
159,2.856e-08,0.0,0.0,0.0,1.74e-09,0.0,0.0,0.0
