,rate_electron,rate_HII,rate_HeII,rate_HeIII,rate_HI,rate_HeI,rate_oH2,rate_pH2
0,7.477e-13,1.6e-10,0.0,0.0,1.8e-10,1.44e-12,9e-13,4e-13
1,7.265e-13,1.6e-10,0.0,0.0,1.8e-10,1.44e-12,9e-13,4e-13
2,7.059e-13,1.6e-10,0.0,0.0,1.8e-10,1.44e-12,9e-13,4e-13
3,6.858e-13,1.6e-10,0.0,0.0,1.8e-10,1.44e-12,9e-13,4e-13
4,6.664e-13,1.6e-10,0.0,0.0,1.8e-10,1.44e-12,9e-13,4e-13
5,6.475e-13,1.6e-10,0.0,0.0,1.8e-10,1.44e-12,9e-13,4e-13
6,6.291e-13,1.6e-10,0.0,0.0,1.8e-10,1.44e-12,9e-13,4e-13
7,6.112e-13,1.6e-10,0.0,0.0,1.8e-10,1.44e-12,9e-13,4e-13
8,5.939e-13,1.6e-10,0.0,0.0,1.8e-10,1.44e-12,9e-13,4e-13
9,5.771e-13,1.6e-10,0.0,0.0,1.8e-10,1.44e-12,9e-13,4e-13
10,5.607e-13,1.6e-10,0.0,0.0,1.8e-10,1.44e-12,9e-13,4e-13
11,5.448e-13,1.6e-10,0.0,0.0,1.8e-10,1.44e-12,9e-13,4e-13
12,5.293e-13,1.6e-10,0.0,0.0,1.8e-10,1.44e-12,9e-13,4e-13
13,5.143e-13,1.6e-10,0.0,0.0,1.823e-10,1.44e-12,9.454e-13,4.227e-13
14,4.997e-13,1.6e-10,0.0,0.0,1.848e-10,1.44e-12,9.955e-13,4.477e-13
15,4.855e-13,1.6e-10,0.0,0.0,1.874e-10,1.44e-12,1.049e-12,4.743e-13
16,4.718e-13,1.6e-10,0.0,0.0,1.902e-10,1.44e-12,1.105e-12,5.024e-13
17,4.584e-13,1.6e-10,0.0,0.0,1.932e-10,1.44e-12,1.164e-12,5.321e-13
18,4.454e-13,1.6e-10,0.0,0.0,1.964e-10,1.44e-12,1.227e-12,5.637e-13
19,4.327e-13,1.6e-10,0.0,0.0,1.997e-10,1.44e-12,1.294e-12,5.971e-13
20,4.205e-13,1.6e-10,0.0,0.0,2.032e-10,1.44e-12,1.365e-12,6.325e-13
21,4.085e-13,1.6e-10,0.0,0.0,2.07e-10,1.44e-12,1.44e-12,6.699e-13
22,3.969e-13,1.6e-10,0.0,0.0,2.11e-10,1.44e-12,1.519e-12,7.096e-13
23,3.857e-13,1.6e-10,0.0,0.0,2.152e-10,1.44e-12,1.603e-12,7.517e-13
24,3.747e-13,1.6e-10,0.0,0.0,2.196e-10,1.44e-12,1.692e-12,7.962e-13
25,3.641e-13,1.642e-10,0.0,0.0,2.243e-10,1.44e-12,1.733e-12,8.434e-13
26,3.538e-13,1.691e-10,0.0,0.0,2.293e-10,1.44e-12,1.77e-12,8.934e-13
27,3.437e-13,1.742e-10,0.0,0.0,2.346e-10,1.44e-12,1.81e-12,9.463e-13
28,3.358e-13,1.797e-10,0.0,0.0,2.405e-10,1.44e-12,1.852e-12,1.002e-12
29,3.697e-13,1.854e-10,0.0,0.0,2.539e-10,1.44e-12,1.896e-12,1.062e-12
30,4.04e-13,1.915e-10,0.0,0.0,2.681e-10,1.44e-12,1.944e-12,1.125e-12
31,4.385e-13,1.98e-10,0.0,0.0,2.83e-10,1.44e-12,1.993e-12,1.191e-12
32,4.735e-13,2.049e-10,0.0,0.0,2.989e-10,1.44e-12,2.077e-12,1.262e-12
33,5.088e-13,2.121e-10,0.0,0.0,3.158e-10,1.44e-12,2.171e-12,1.337e-12
34,5.446e-13,2.198e-10,0.0,0.0,3.329e-10,1.44e-12,2.27e-12,1.416e-12
35,5.808e-13,2.28e-10,0.0,0.0,3.483e-10,1.44e-12,2.375e-12,1.5e-12
36,6.175e-13,2.349e-10,0.0,0.0,3.646e-10,1.44e-12,2.486e-12,1.589e-12
37,6.547e-13,2.423e-10,0.0,0.0,3.818e-10,1.44e-12,2.603e-12,1.703e-12
38,6.925e-13,2.5e-10,0.0,0.0,4.001e-10,1.44e-12,2.728e-12,1.828e-12
39,7.308e-13,2.583e-10,0.0,0.0,4.195e-10,1.44e-12,2.86e-12,1.96e-12
40,7.697e-13,2.67e-10,0.0,0.0,4.4e-10,1.44e-12,3e-12,2.1e-12
41,8.417e-13,2.741e-10,0.0,0.0,4.566e-10,1.627e-12,3.178e-12,2.248e-12
42,9.143e-13,2.816e-10,0.0,0.0,4.742e-10,1.826e-12,3.366e-12,2.405e-12
43,9.877e-13,2.896e-10,0.0,0.0,4.928e-10,2.036e-12,3.566e-12,2.571e-12
44,1.062e-12,2.981e-10,0.0,0.0,5.125e-10,2.258e-12,3.806e-12,2.777e-12
45,1.137e-12,3.07e-10,0.0,0.0,5.334e-10,2.494e-12,4.067e-12,3.001e-12
46,1.213e-12,3.165e-10,0.0,0.0,5.555e-10,2.744e-12,4.344e-12,3.238e-12
47,1.29e-12,3.265e-10,0.0,0.0,5.789e-10,3.008e-12,4.637e-12,3.489e-12
48,1.368e-12,3.372e-10,0.0,0.0,5.97e-10,3.288e-12,4.947e-12,3.755e-12
49,1.448e-12,3.485e-10,0.0,0.0,6.158e-10,3.585e-12,5.315e-12,4.076e-12
50,1.528e-12,3.604e-10,0.0,0.0,6.357e-10,3.899e-12,5.713e-12,4.424e-12
51,1.61e-12,3.73e-10,0.0,0.0,6.567e-10,4.232e-12,6.135e-12,4.793e-12
52,1.693e-12,3.864e-10,0.0,0.0,6.791e-10,4.585e-12,6.581e-12,5.183e-12
53,1.823e-12,4.006e-10,0.0,0.0,6.982e-10,5.048e-12,7.077e-12,5.631e-12
54,1.958e-12,4.156e-10,0.0,0.0,7.182e-10,5.543e-12,7.603e-12,6.107e-12
55,2.093e-12,4.316e-10,0.0,0.0,7.394e-10,6.067e-12,8.16e-12,6.611e-12
56,2.231e-12,4.48e-10,0.0,0.0,7.614e-10,6.622e-12,8.755e-12,7.145e-12
57,2.37e-12,4.606e-10,0.0,0.0,7.793e-10,7.21e-12,9.439e-12,7.711e-12
58,2.511e-12,4.74e-10,0.0,0.0,7.982e-10,7.833e-12,1.016e-11,8.31e-12
59,2.655e-12,4.882e-10,0.0,0.0,8.182e-10,8.492e-12,1.093e-11,8.944e-12
60,2.8e-12,5.032e-10,0.0,0.0,8.362e-10,9.24e-12,1.181e-11,9.682e-12
61,2.948e-12,5.191e-10,0.0,0.0,8.55e-10,1.004e-11,1.275e-11,1.047e-11
62,3.099e-12,5.359e-10,0.0,0.0,8.739e-10,1.088e-11,1.373e-11,1.129e-11
63,3.251e-12,5.537e-10,0.0,0.0,8.907e-10,1.177e-11,1.474e-11,1.213e-11
64,3.407e-12,5.726e-10,0.0,0.0,9.085e-10,1.272e-11,1.581e-11,1.302e-11
65,3.565e-12,5.926e-10,0.0,0.0,9.23e-10,1.373e-11,1.703e-11,1.401e-11
66,3.727e-12,6.138e-10,0.0,0.0,9.38e-10,1.481e-11,1.833e-11,1.506e-11
67,3.891e-12,6.362e-10,0.0,0.0,9.493e-10,1.595e-11,1.966e-11,1.617e-11
68,4.059e-12,6.598e-10,0.0,0.0,9.605e-10,1.715e-11,2.106e-11,1.735e-11
69,4.24e-12,6.798e-10,0.0,0.0,9.724e-10,1.846e-11,2.251e-11,1.857e-11
70,4.424e-12,7.009e-10,0.0,0.0,9.849e-10,1.984e-11,2.405e-11,1.986e-11
71,4.612e-12,7.233e-10,0.0,0.0,9.983e-10,2.131e-11,2.569e-11,2.122e-11
72,4.804e-12,7.47e-10,0.0,0.0,1e-09,2.286e-11,2.736e-11,2.261e-11
73,4.999e-12,7.721e-10,0.0,0.0,1e-09,2.451e-11,2.911e-11,2.407e-11
74,5.199e-12,7.987e-10,0.0,0.0,1e-09,2.623e-11,3.096e-11,2.559e-11
75,5.403e-12,8.269e-10,0.0,0.0,1e-09,2.8e-11,3.285e-11,2.715e-11
76,5.612e-12,8.525e-10,0.0,0.0,1e-09,2.986e-11,3.484e-11,2.879e-11
77,5.825e-12,8.796e-10,0.0,0.0,1.041e-09,3.184e-11,3.688e-11,3.045e-11
78,6.043e-12,9.084e-10,0.0,0.0,1.091e-09,3.393e-11,3.902e-11,3.219e-11
79,6.266e-12,9.388e-10,0.0,0.0,1.1e-09,3.619e-11,4.112e-11,3.391e-11
80,6.494e-12,9.71e-10,0.0,0.0,1.1e-09,3.86e-11,4.33e-11,3.57e-11
81,6.662e-12,9.927e-10,0.0,0.0,1.1e-09,3.86e-11,4.549e-11,3.748e-11
82,6.835e-12,1.016e-09,0.0,0.0,1.1e-09,3.86e-11,4.773e-11,3.929e-11
83,7.014e-12,1.04e-09,0.0,0.0,1.1e-09,3.86e-11,4.992e-11,4.109e-11
84,7.199e-12,1.066e-09,0.0,0.0,1.1e-09,3.86e-11,5.207e-11,4.287e-11
85,7.389e-12,1.093e-09,0.0,0.0,1.1e-09,3.86e-11,5.421e-11,4.464e-11
86,7.586e-12,1.122e-09,0.0,0.0,1.1e-09,3.86e-11,5.63e-11,4.634e-11
87,7.789e-12,1.153e-09,0.0,0.0,1.1e-09,3.86e-11,5.831e-11,4.793e-11
88,7.999e-12,1.185e-09,0.0,0.0,1.1e-09,3.86e-11,5.84e-11,4.8e-11
89,8.215e-12,1.219e-09,0.0,0.0,1.1e-09,3.86e-11,5.84e-11,4.8e-11
90,8.438e-12,1.256e-09,0.0,0.0,1.1e-09,3.86e-11,5.84e-11,4.8e-11
91,8.667e-12,1.294e-09,0.0,0.0,1.1e-09,3.86e-11,5.84e-11,4.8e-11
92,8.905e-12,1.335e-09,0.0,0.0,1.1e-09,3.86e-11,5.84e-11,4.8e-11
93,9.175e-12,1.379e-09,0.0,0.0,1.1e-09,3.86e-11,5.84e-11,4.8e-11
94,9.453e-12,1.424e-09,0.0,0.0,1.1e-09,3.86e-11,5.84e-11,4.8e-11
95,9.74e-12,1.473e-09,0.0,0.0,1.1e-09,3.86e-11,5.84e-11,4.8e-11
96,1.003e-11,1.521e-09,0.0,0.0,1.1e-09,3.86e-11,5.84e-11,4.8e-11
97,1.034e-11,1.534e-09,0.0,0.0,1.1e-09,3.86e-11,5.84e-11,4.8e-11
98,1.065e-11,1.547e-09,0.0,0.0,1.1e-09,3.86e-11,5.84e-11,4.8e-11
99,1.097e-11,1.561e-09,0.0,0.0,1.1e-09,3.86e-11,5.84e-11,4.8e-11
100,1.224e-11,1.576e-09,0.0,0.0,1.1e-09,3.86e-11,5.84e-11,4.8e-11
101,1.362e-11,1.591e-09,0.0,0.0,1.1e-09,3.86e-11,5.84e-11,4.8e-11
102,1.5e-11,1.608e-09,0.0,0.0,1.1e-09,3.86e-11,5.84e-11,4.8e-11
103,1.64e-11,1.626e-09,0.0,0.0,1.1e-09,3.86e-11,5.84e-11,4.8e-11
104,1.781e-11,1.644e-09,0.0,0.0,1.1e-09,3.86e-11,5.84e-11,4.8e-11
105,1.924e-11,1.664e-09,0.0,0.0,1.1e-09,3.86e-11,5.84e-11,4.8e-11
106,2.068e-11,1.685e-09,0.0,0.0,1.1e-09,3.86e-11,5.84e-11,4.8e-11
107,2.214e-11,1.707e-09,0.0,0.0,1.1e-09,3.86e-11,5.84e-11,4.8e-11
108,2.361e-11,1.731e-09,0.0,0.0,1.1e-09,3.86e-11,5.84e-11,4.8e-11
109,2.511e-11,1.747e-09,0.0,0.0,1.1e-09,3.86e-11,5.84e-11,4.8e-11
110,2.662e-11,1.765e-09,0.0,0.0,1.1e-09,3.86e-11,5.84e-11,4.8e-11
111,2.816e-11,1.784e-09,0.0,0.0,1.1e-09,3.86e-11,5.84e-11,4.8e-11
112,2.972e-11,1.803e-09,0.0,0.0,1.1e-09,3.86e-11,5.84e-11,4.8e-11
113,3.13e-11,1.824e-09,0.0,0.0,1.1e-09,3.86e-11,5.84e-11,4.8e-11
114,3.274e-11,1.846e-09,0.0,0.0,1.1e-09,3.86e-11,5.84e-11,4.8e-11
115,3.353e-11,1.87e-09,0.0,0.0,1.1e-09,3.86e-11,5.84e-11,4.8e-11
116,3.434e-11,1.89e-09,0.0,0.0,1.1e-09,3.86e-11,5.84e-11,4.8e-11
117,3.518e-11,1.91e-09,0.0,0.0,1.1e-09,3.86e-11,5.84e-11,4.8e-11
118,3.605e-11,1.932e-09,0.0,0.0,1.1e-09,3.86e-11,5.84e-11,4.8e-11
119,3.695e-11,1.955e-09,0.0,0.0,1.1e-09,3.86e-11,5.84e-11,4.8e-11
120,3.788e-11,1.98e-09,0.0,0.0,1.1e-09,3.86e-11,5.84e-11,4.8e-11
121,3.681e-11,1.98e-09,0.0,0.0,1.1e-09,3.86e-11,5.84e-11,4.8e-11
122,3.576e-11,1.98e-09,0.0,0.0,1.1e-09,3.86e-11,5.84e-11,4.8e-11
123,3.475e-11,1.98e-09,0.0,0.0,1.1e-09,3.86e-11,5.84e-11,4.8e-11
124,3.376e-11,1.98e-09,0.0,0.0,1.1e-09,3.86e-11,5.84e-11,4.8e-11
125,3.28e-11,1.98e-09,0.0,0.0,1.1e-09,3.86e-11,5.84e-11,4.8e-11
126,3.187e-11,1.98e-09,0.0,0.0,1.1e-09,3.86e-11,5.84e-11,4.8e-11
127,3.097e-11,1.98e-09,0.0,0.0,1.1e-09,3.86e-11,5.84e-11,4.8e-11
128,3.009e-11,1.98e-09,0.0,0.0,1.1e-09,3.86e-11,5.84e-11,4.8e-11
129,2.924e-11,1.98e-09,0.0,0.0,1.1e-09,3.86e-11,5.84e-11,4.8e-11
130,2.841e-11,1.98e-09,0.0,0.0,1.1e-09,3.86e-11,5.84e-11,4.8e-11
131,2.76e-11,1.98e-09,0.0,0.0,1.1e-09,3.86e-11,5.84e-11,4.8e-11
132,2.682e-11,1.98e-09,0.0,0.0,1.1e-09,3.86e-11,5.84e-11,4.8e-11
133,2.606e-11,1.98e-09,0.0,0.0,1.1e-09,3.86e-11,5.84e-11,4.8e-11
134,2.532e-11,1.98e-09,0.0,0.0,1.1e-09,3.86e-11,5.84e-11,4.8e-11
135,2.46e-11,1.98e-09,0.0,0.0,1.1e-09,3.86e-11,5.84e-11,4.8e-11
136,2.39e-11,1.98e-09,0.0,0.0,1.1e-09,3.86e-11,5.84e-11,4.8e-11
137,2.322e-11,1.98e-09,0.0,0.0,1.1e-09,3.86e-11,5.84e-11,4.8e-11
138,2.256e-11,1.98e-09,0.0,0.0,1.1e-09,3.86e-11,5.84e-11,4.8e-11
139,2.192e-11,1.98e-09,0.0,0.0,1.1e-09,3.86e-11,5.84e-11,4.8e-11
140,2.13e-11,1.98e-09,0.0,0.0,1.1e-09,3.86e-11,5.84e-11,4.8e-11
141,2.07e-11,1.98e-09,0.0,0.0,1.1e-09,3.86e-11,5.84e-11,4.8e-11
142,2.011e-11,1.98e-09,0.0,0.0,1.1e-09,3.86e-11,5.84e-11,4.8e-11
143,1.954e-11,1.98e-09,0.0,0.0,1.1e-09,3.86e-11,5.84e-11,4.8e-11
144,1.899e-11,1.98e-09,0.0,0.0,1.1e-09,3.86e-11,5.84e-11,4.8e-11
145,1.845e-11,1.98e-09,0.0,0.0,1.1e-09,3.86e-11,5.84e-11,4.8e-11
146,1.792e-11,1.98e-09,0.0,0.0,1.1e-09,3.86e-11,5.84e-11,4.8e-11
147,1.742e-11,1.98e-09,0.0,0.0,1.1e-09,3.86e-11,5.84e-11,4.8e-11
148,1.692e-11,1.98e-09,0.0,0.0,1.1e-09,3.86e-11,5.84e-11,4.8e-11
149,1.644e-11,1.98e-09,0.0,0.0,1.1e-09,3.86e-11,5.84e-11,4.8e-11
150,1.597e-11,1.98e-09,0.0,0.0,1.1e-09,3.86e-11,5.84e-11,4.8e-11
151,1.552e-11,1.98e-09,0.0,0.0,1.1e-09,3.86e-11,5.84e-11,4.8e-11
152,1.508e-11,1.98e-09,0.0,0.0,1.1e-09,3.86e-11,5.84e-11,4.8e-11
153,1.465e-11,1.98e-09,0.0,0.0,1.1e-09,3.86e-11,5.84e-11,4.8e-11
154,1.424e-11,1.98e-09,0.0,0.0,1.1e-09,3.86e-11,5.84e-11,4.8e-11
155,1.383e-11,1.98e-09,0.0,0.0,1.1e-09,3.86e-11,5.84e-11,4.8e-11
156,1.344e-11,1.98e-09,0.0,0.0,1.1e-09,3.86e-11,5.84e-11,4.8e-11
157,1.306e-11,1.98e-09,0.0,0.0,1.1e-09,3.86e-11,5.84e-11,4.8e-11
158,1.269e-11,1.98e-09,0.0,0.0,1.1e-09,3.86e-11,5.84e-11,4.8e-11
159,1.233e-11,1.98e-09,0.0,0.0,1.1e-09,3.86e-11,5.84e-11,4.8e-11
